6 0.659375 0.19609375 0.03203125 0.10390625
1 0.92421875 0.234375 0.0296875 0.115625
6 0.290625 0.440625 0.05 0.08515625
3 0.228125 0.4421875 0.03515625 0.14375
6 0.13671875 0.478125 0.04609375 0.1046875
1 0.953125 0.48828125 0.02265625 0.1609375
0 0.40078125 0.49609375 0.03515625 0.084375
2 0.58828125 0.521875 0.03828125 0.14921875
2 0.53515625 0.56796875 0.03984375 0.1109375
2 0.41875 0.571875 0.0390625 0.128125
1 0.83125 0.6234375 0.021875 0.15390625
6 0.146875 0.625 0.046875 0.1140625
2 0.47421875 0.64375 0.03203125 0.14296875
6 0.14765625 0.753125 0.04765625 0.13828125
1 0.38515625 0.7953125 0.03671875 0.1390625