1 0.515625 0.096875 0.01796875 0.0890625
6 0.4578125 0.09765625 0.02734375 0.065625
2 0.465625 0.31953125 0.01875 0.0859375
1 0.73671875 0.39375 0.02109375 0.08984375
6 0.1859375 0.42421875 0.0203125 0.08515625
3 0.36484375 0.4328125 0.025 0.06015625
0 0.39296875 0.4625 0.028125 0.0671875
2 0.51875 0.5078125 0.0203125 0.09296875
6 0.35859375 0.57109375 0.028125 0.06328125
6 0.32421875 0.59296875 0.02265625 0.07109375
2 0.38984375 0.59921875 0.02578125 0.053125
1 0.4015625 0.67578125 0.0203125 0.1078125
1 0.74765625 0.6921875 0.01796875 0.1078125
6 0.22578125 0.86484375 0.0421875 0.09921875
1 0.41328125 0.8953125 0.02265625 0.10234375