1 0.43984375 0.196875 0.01796875 0.08984375
6 0.6828125 0.26796875 0.02890625 0.078125
1 0.47890625 0.29140625 0.0203125 0.103125
1 0.5015625 0.32421875 0.01875 0.090625
2 0.63515625 0.3578125 0.021875 0.07890625
6 0.71953125 0.38046875 0.034375 0.06015625
3 0.82109375 0.4953125 0.02734375 0.09375
0 0.66875 0.509375 0.0296875 0.071875
6 0.83671875 0.565625 0.02578125 0.096875
1 0.4328125 0.578125 0.01796875 0.096875
2 0.5921875 0.58515625 0.0203125 0.10390625
6 0.72890625 0.6328125 0.0359375 0.0859375
1 0.6203125 0.646875 0.0203125 0.09296875
6 0.68515625 0.70859375 0.02734375 0.08984375
1 0.35859375 0.771875 0.01796875 0.10625