6 0.40234375 0.1453125 0.0296875 0.0828125
1 0.56640625 0.17265625 0.025 0.0796875
2 0.4859375 0.39609375 0.03203125 0.08828125
3 0.30703125 0.4078125 0.02734375 0.0609375
1 0.0984375 0.41015625 0.02734375 0.08984375
0 0.33984375 0.43984375 0.0296875 0.06796875
1 0.92734375 0.475 0.03125 0.103125
2 0.47578125 0.47734375 0.034375 0.0859375
6 0.28515625 0.54765625 0.03828125 0.078125
2 0.34609375 0.56328125 0.034375 0.07109375
6 0.265625 0.58515625 0.04375 0.07578125
1 0.33515625 0.6359375 0.028125 0.09765625
6 0.19921875 0.72109375 0.03828125 0.09765625
1 0.35390625 0.78125 0.02421875 0.10078125