6 0.5828125 0.22421875 0.0296875 0.07734375
1 0.28515625 0.2515625 0.02578125 0.07734375
1 0.4546875 0.27578125 0.0203125 0.0796875
6 0.615625 0.3265625 0.02734375 0.03828125
2 0.48203125 0.35390625 0.0203125 0.0890625
6 0.61015625 0.36328125 0.03671875 0.0390625
6 0.83984375 0.4109375 0.028125 0.0859375
3 0.65859375 0.43828125 0.034375 0.053125
2 0.4796875 0.46015625 0.02734375 0.078125
0 0.62890625 0.4609375 0.02578125 0.05078125
1 0.1046875 0.515625 0.02421875 0.096875
2 0.496875 0.53203125 0.025 0.10625
2 0.6390625 0.5703125 0.0203125 0.08828125
6 0.7234375 0.67578125 0.0453125 0.084375
1 0.43828125 0.74375 0.0296875 0.0828125