1 0.428125 0.1921875 0.01796875 0.08203125
6 0.609375 0.1953125 0.028125 0.08125
6 0.78125 0.2984375 0.021875 0.05390625
2 0.48828125 0.30625 0.02109375 0.08828125
2 0.57734375 0.3171875 0.028125 0.084375
3 0.78671875 0.3671875 0.021875 0.090625
0 0.63828125 0.38515625 0.03203125 0.059375
1 0.10703125 0.42421875 0.02890625 0.09375
2 0.61484375 0.490625 0.021875 0.10234375
1 0.57265625 0.52734375 0.021875 0.1109375
6 0.6890625 0.528125 0.034375 0.08125
6 0.7203125 0.60390625 0.03515625 0.0828125
1 0.48828125 0.61328125 0.015625 0.109375
6 0.7921875 0.86328125 0.0328125 0.1
1 0.64296875 0.88671875 0.02734375 0.11484375