6 0.53359375 0.16328125 0.03125 0.071875
1 0.3546875 0.1703125 0.02109375 0.071875
6 0.59921875 0.3015625 0.02890625 0.071875
2 0.37734375 0.3796875 0.025 0.08515625
1 0.06328125 0.47578125 0.02265625 0.07109375
2 0.3890625 0.521875 0.01875 0.07421875
3 0.734375 0.52578125 0.02421875 0.09609375
0 0.60078125 0.5671875 0.0296875 0.059375
6 0.78828125 0.584375 0.028125 0.08828125
2 0.45859375 0.640625 0.01875 0.0953125
6 0.709375 0.6421875 0.02578125 0.07890625
2 0.5859375 0.66875 0.0203125 0.08515625
1 0.3265625 0.72578125 0.02265625 0.10234375
6 0.67734375 0.79375 0.03203125 0.08125
1 0.60625 0.81015625 0.025 0.078125