2 0.6671875 0.1953125 0.02578125 0.06015625
6 0.7171875 0.21015625 0.02578125 0.06171875
2 0.67109375 0.2625 0.02421875 0.06484375
6 0.75078125 0.27109375 0.0296875 0.06015625
1 0.221875 0.28203125 0.025 0.08828125
3 0.84140625 0.36875 0.02265625 0.09765625
0 0.7140625 0.39140625 0.028125 0.0640625
2 0.53203125 0.41015625 0.02734375 0.103125
2 0.68359375 0.503125 0.0296875 0.08515625
6 0.75234375 0.55 0.0296875 0.0921875
1 0.3046875 0.58359375 0.02734375 0.08984375
1 0.64765625 0.59765625 0.02890625 0.0890625
6 0.79140625 0.6046875 0.03984375 0.0953125
6 0.7953125 0.82265625 0.0328125 0.09921875
1 0.5703125 0.83828125 0.028125 0.1109375