1 0.709375 0.19296875 0.01796875 0.0890625
1 0.69375 0.23671875 0.02265625 0.08203125
6 0.896875 0.23828125 0.021875 0.090625
6 0.821875 0.30078125 0.02109375 0.090625
1 0.44140625 0.3296875 0.028125 0.08828125
6 0.73515625 0.35625 0.02578125 0.10703125
2 0.5484375 0.46875 0.025 0.07734375
1 0.3109375 0.47265625 0.03203125 0.08203125
0 0.5703125 0.48828125 0.025 0.03125
2 0.5171875 0.49765625 0.025 0.09375
3 0.68671875 0.51171875 0.0203125 0.07421875
6 0.6796875 0.60234375 0.028125 0.0921875
1 0.16015625 0.69921875 0.025 0.078125
6 0.259375 0.77734375 0.02734375 0.115625