1 0.6359375 0.16328125 0.0171875 0.08984375
6 0.3921875 0.29453125 0.0296875 0.07734375
2 0.50234375 0.31484375 0.0203125 0.10078125
1 0.7078125 0.3546875 0.02265625 0.090625
6 0.19921875 0.43984375 0.025 0.06015625
6 0.3234375 0.440625 0.02578125 0.046875
3 0.190625 0.49375 0.02734375 0.1078125
2 0.51015625 0.53125 0.0203125 0.11015625
0 0.31953125 0.5375 0.03515625 0.06484375
6 0.16015625 0.58203125 0.021875 0.09296875
2 0.47578125 0.61015625 0.0203125 0.10390625
2 0.31328125 0.6890625 0.021875 0.10703125
6 0.43828125 0.06953125 0.01796875 0.078125
1 0.67265625 0.71875 0.0140625 0.10234375
6 0.22734375 0.7890625 0.03828125 0.0859375
1 0.2984375 0.81953125 0.02421875 0.11015625