1 0.4984375 0.18125 0.02265625 0.0890625
6 0.73046875 0.24765625 0.02734375 0.08828125
1 0.5703125 0.26328125 0.025 0.08671875
6 0.70078125 0.315625 0.0296875 0.03515625
2 0.55703125 0.35234375 0.025 0.0703125
6 0.796875 0.38984375 0.02578125 0.06796875
3 0.709375 0.4140625 0.02890625 0.05703125
2 0.565625 0.42734375 0.02109375 0.084375
6 0.878125 0.42734375 0.021875 0.09375
0 0.68203125 0.428125 0.028125 0.06328125
1 0.1171875 0.46640625 0.02421875 0.1046875
2 0.64140625 0.5578125 0.034375 0.08984375
6 0.72109375 0.82890625 0.0390625 0.1046875
1 0.61328125 0.83125 0.03203125 0.07578125