6 0.4796875 0.13671875 0.03671875 0.0921875
1 0.553125 0.14375 0.021875 0.0921875
1 0.7875 0.33203125 0.01796875 0.12421875
2 0.6171875 0.409375 0.02421875 0.10703125
1 0.14609375 0.43125 0.0296875 0.0953125
3 0.37265625 0.434375 0.03203125 0.08828125
0 0.41328125 0.4625 0.02734375 0.084375
2 0.60546875 0.5484375 0.02109375 0.1359375
6 0.3078125 0.6015625 0.03671875 0.1109375
2 0.53203125 0.609375 0.02578125 0.1296875
1 0.875 0.63125 0.0203125 0.128125
6 0.26328125 0.73984375 0.040625 0.1328125
1 0.56328125 0.78125 0.02734375 0.13125