6 0.36171875 0.1359375 0.03203125 0.1
1 0.43828125 0.14765625 0.0296875 0.09375
6 0.359375 0.33515625 0.0359375 0.10234375
1 0.9015625 0.403125 0.02421875 0.11171875
2 0.4109375 0.4484375 0.04921875 0.08203125
6 0.190625 0.5234375 0.0328125 0.0828125
2 0.52421875 0.53984375 0.03515625 0.0953125
6 0.09765625 0.58671875 0.03203125 0.10234375
3 0.290625 0.59921875 0.02734375 0.07421875
0 0.3375 0.6125 0.03828125 0.07109375
2 0.5390625 0.66328125 0.0296875 0.109375
1 0.71171875 0.7578125 0.02578125 0.10703125
6 0.28359375 0.77578125 0.0390625 0.0953125
1 0.415625 0.86328125 0.02734375 0.12265625