6 0.4421875 0.15234375 0.02421875 0.09296875
1 0.70546875 0.221875 0.02421875 0.08828125
6 0.38515625 0.33671875 0.02421875 0.10078125
1 0.5203125 0.36875 0.02421875 0.11015625
6 0.30703125 0.41875 0.01875 0.059375
2 0.4609375 0.4328125 0.025 0.103125
1 0.8796875 0.44296875 0.01875 0.11796875
2 0.396875 0.44921875 0.03984375 0.08671875
3 0.16328125 0.55234375 0.021875 0.12578125
0 0.31796875 0.59609375 0.0328125 0.07265625
6 0.134375 0.63203125 0.025 0.10625
2 0.48203125 0.6421875 0.02265625 0.13515625
6 0.2546875 0.7203125 0.03203125 0.0890625
1 0.765625 0.76328125 0.0203125 0.12421875
2 0.41875 0.77265625 0.02578125 0.1109375