1 0.41484375 0.2140625 0.0171875 0.0890625
6 0.67265625 0.26640625 0.03203125 0.09609375
2 0.540625 0.30078125 0.02265625 0.08671875
2 0.53359375 0.4171875 0.028125 0.084375
6 0.8046875 0.434375 0.028125 0.09609375
3 0.703125 0.44296875 0.0296875 0.05234375
6 0.89140625 0.44921875 0.02421875 0.08984375
1 0.19375 0.453125 0.01796875 0.1109375
0 0.66875 0.471875 0.02890625 0.06171875
2 0.521875 0.50625 0.02421875 0.09296875
6 0.72109375 0.56953125 0.03671875 0.08828125
2 0.63828125 0.57421875 0.0296875 0.084375
6 0.7 0.63984375 0.034375 0.09609375
1 0.603125 0.64609375 0.02578125 0.096875
1 0.4828125 0.70390625 0.02421875 0.10703125