6 0.3828125 0.16484375 0.02578125 0.078125
1 0.59765625 0.17109375 0.015625 0.07734375
6 0.37265625 0.253125 0.0296875 0.07265625
1 0.55078125 0.27734375 0.0203125 0.059375
6 0.396875 0.3203125 0.0359375 0.0828125
2 0.53671875 0.35703125 0.0203125 0.084375
1 0.7734375 0.35703125 0.02109375 0.0796875
2 0.53515625 0.46875 0.01796875 0.075
3 0.265625 0.521875 0.021875 0.09921875
0 0.396875 0.53671875 0.025 0.07109375
2 0.51640625 0.56015625 0.02734375 0.090625
6 0.234375 0.578125 0.015625 0.07265625
1 0.771875 0.6421875 0.021875 0.09765625
6 0.3828125 0.7921875 0.0328125 0.08828125
1 0.46328125 0.79609375 0.02578125 0.096875