1 0.51796875 0.23203125 0.02578125 0.05078125
6 0.61953125 0.25234375 0.02421875 0.07578125
6 0.6078125 0.2953125 0.025 0.1
2 0.5171875 0.2984375 0.015625 0.09296875
6 0.659375 0.3171875 0.03828125 0.0421875
2 0.46796875 0.3359375 0.02421875 0.08984375
1 0.17734375 0.3703125 0.0296875 0.1
3 0.79375 0.39453125 0.0203125 0.1109375
0 0.64765625 0.425 0.0328125 0.0640625
6 0.815625 0.44375 0.02421875 0.10234375
2 0.590625 0.4859375 0.02734375 0.08515625
2 0.6390625 0.51328125 0.0359375 0.1
1 0.1703125 0.5875 0.02109375 0.12421875
6 0.7546875 0.65703125 0.0359375 0.09765625
1 0.68828125 0.66015625 0.0296875 0.10390625