1 0.41796875 0.20234375 0.0171875 0.11328125
6 0.58359375 0.246875 0.03828125 0.034375
1 0.240625 0.30234375 0.01796875 0.1109375
6 0.82890625 0.37734375 0.0328125 0.1140625
2 0.40625 0.39296875 0.02265625 0.11875
3 0.62578125 0.39765625 0.028125 0.07578125
0 0.59765625 0.43828125 0.03671875 0.08125
2 0.44375 0.490625 0.0203125 0.1359375
6 0.71328125 0.6109375 0.034375 0.1
2 0.521875 0.61484375 0.02109375 0.12265625
1 0.259375 0.65234375 0.02421875 0.1390625
6 0.69296875 0.7171875 0.03984375 0.115625
1 0.46328125 0.80625 0.034375 0.1328125