6 0.59765625 0.16171875 0.0453125 0.09921875
1 0.503125 0.2296875 0.01796875 0.09921875
1 0.5921875 0.3640625 0.02578125 0.10234375
6 0.653125 0.3703125 0.0328125 0.0859375
2 0.44921875 0.45234375 0.02109375 0.11171875
6 0.72734375 0.4625 0.0359375 0.0953125
3 0.82265625 0.57890625 0.02578125 0.109375
1 0.21484375 0.59921875 0.02734375 0.12109375
2 0.50625 0.6234375 0.028125 0.1046875
0 0.66953125 0.62421875 0.0359375 0.05703125
6 0.83984375 0.68515625 0.03671875 0.1109375
2 0.62265625 0.69296875 0.03203125 0.09765625
2 0.584375 0.76171875 0.021875 0.12421875
1 0.72734375 0.77890625 0.034375 0.0921875
6 0.64765625 0.81484375 0.040625 0.1140625