1 0.2953125 0.1296875 0.015625 0.059375
6 0.5296875 0.17421875 0.01875 0.065625
1 0.31875 0.23515625 0.01796875 0.0578125
6 0.54140625 0.25625 0.02421875 0.06015625
2 0.41484375 0.3296875 0.0171875 0.065625
1 0.36171875 0.3625 0.0171875 0.07578125
3 0.73671875 0.4296875 0.01875 0.0859375
0 0.63203125 0.484375 0.02578125 0.0609375
6 0.7796875 0.48671875 0.01796875 0.0828125
2 0.51015625 0.51875 0.0203125 0.07734375
1 0.38828125 0.5859375 0.015625 0.06796875
6 0.77734375 0.753125 0.0328125 0.0859375
1 0.54375 0.846875 0.02734375 0.0953125
6 0.471875 0.0890625 0.0203125 0.0609375