1 0.50234375 0.14375 0.015625 0.07734375
6 0.30390625 0.175 0.0203125 0.078125
2 0.43671875 0.240625 0.01484375 0.0953125
6 0.315625 0.24140625 0.025 0.0703125
2 0.478125 0.32578125 0.01875 0.06015625
6 0.321875 0.3296875 0.0296875 0.03515625
2 0.47421875 0.3921875 0.025 0.07734375
1 0.896875 0.39765625 0.0171875 0.09609375
3 0.3234375 0.40390625 0.025 0.06328125
0 0.35625 0.41796875 0.02421875 0.046875
6 0.1421875 0.43828125 0.01875 0.09609375
1 0.446875 0.51875 0.01796875 0.09921875
6 0.3796875 0.86640625 0.02734375 0.09296875
1 0.4703125 0.86640625 0.02265625 0.1