1 0.5546875 0.13671875 0.0171875 0.09765625
6 0.3796875 0.16796875 0.034375 0.0703125
3 0.21875 0.3265625 0.021875 0.115625
1 0.809375 0.34453125 0.0171875 0.1140625
0 0.3671875 0.36875 0.0390625 0.071875
2 0.453125 0.3953125 0.025 0.1140625
6 0.20078125 0.41328125 0.0203125 0.109375
1 0.4609375 0.5890625 0.02109375 0.1171875
6 0.2640625 0.6125 0.0390625 0.11328125
6 0.29921875 0.68125 0.0296875 0.0921875
1 0.42421875 0.68515625 0.02109375 0.11484375
1 0.759375 0.68828125 0.01796875 0.1359375
6 0.25546875 0.703125 0.028125 0.09921875
1 0.61484375 0.83828125 0.0203125 0.11484375