6 0.58984375 0.11015625 0.02578125 0.09609375
1 0.3609375 0.1296875 0.02265625 0.08984375
6 0.68125 0.29765625 0.03203125 0.096875
2 0.45234375 0.3296875 0.02734375 0.1
6 0.65078125 0.375 0.03828125 0.09921875
1 0.15078125 0.375 0.02421875 0.115625
2 0.44140625 0.4671875 0.02578125 0.11484375
3 0.6859375 0.56171875 0.03828125 0.07109375
6 0.9078125 0.565625 0.0328125 0.1109375
0 0.64453125 0.58515625 0.034375 0.07265625
2 0.46484375 0.621875 0.02421875 0.090625
2 0.61015625 0.71171875 0.0359375 0.115625
6 0.69609375 0.72265625 0.04375 0.0890625
1 0.26328125 0.7671875 0.03515625 0.121875
1 0.51328125 0.8265625 0.025 0.1296875