1 0.3734375 0.1921875 0.02734375 0.05703125
6 0.30390625 0.2453125 0.0390625 0.034375
2 0.4859375 0.2515625 0.02890625 0.059375
1 0.8734375 0.25859375 0.02421875 0.08203125
2 0.490625 0.325 0.02578125 0.0828125
0 0.36015625 0.33828125 0.03125 0.046875
3 0.33046875 0.35078125 0.025 0.090625
6 0.22578125 0.38046875 0.0328125 0.071875
6 0.134375 0.38125 0.02265625 0.08828125
2 0.51171875 0.4046875 0.02421875 0.08125
1 0.634375 0.59453125 0.028125 0.08828125
6 0.36875 0.60234375 0.0328125 0.096875
1 0.65625 0.8203125 0.028125 0.08984375
6 0.478125 0.8328125 0.03515625 0.1046875