6 0.403125 0.14375 0.02578125 0.071875
1 0.46015625 0.1625 0.021875 0.065625
6 0.3578125 0.26953125 0.03203125 0.07265625
1 0.546875 0.28828125 0.028125 0.06171875
6 0.3328125 0.3421875 0.03125 0.06875
1 0.759375 0.34765625 0.025 0.0828125
2 0.51484375 0.375 0.02109375 0.0703125
2 0.39765625 0.45078125 0.01875 0.09296875
3 0.21640625 0.4796875 0.01875 0.096875
0 0.33125 0.50546875 0.028125 0.06484375
6 0.18671875 0.5359375 0.021875 0.08984375
2 0.3765625 0.56015625 0.02734375 0.07421875
1 0.65390625 0.6671875 0.02265625 0.09921875
6 0.27578125 0.67578125 0.03125 0.08515625
1 0.34921875 0.709375 0.02578125 0.078125