1 0.51484375 0.2421875 0.01796875 0.0953125
6 0.28046875 0.31328125 0.0296875 0.071875
2 0.4234375 0.31953125 0.01796875 0.1078125
6 0.3203125 0.33828125 0.02734375 0.08984375
6 0.28515625 0.37265625 0.02578125 0.10078125
1 0.91015625 0.38828125 0.02578125 0.10390625
2 0.49375 0.40703125 0.02578125 0.07578125
6 0.17890625 0.43828125 0.0203125 0.06796875
2 0.48984375 0.4921875 0.02421875 0.10703125
0 0.32734375 0.515625 0.03515625 0.05390625
3 0.18515625 0.5171875 0.02421875 0.1171875
1 0.784375 0.64140625 0.01796875 0.11875
6 0.31171875 0.6453125 0.05078125 0.07578125
2 0.40625 0.7140625 0.0328125 0.125