6 0.58984375 0.21328125 0.02890625 0.07578125
1 0.4 0.22578125 0.0203125 0.078125
6 0.6046875 0.31328125 0.034375 0.075
2 0.45625 0.3546875 0.02421875 0.09765625
1 0.23046875 0.38125 0.02109375 0.0828125
6 0.746875 0.425 0.02265625 0.0921875
3 0.803125 0.43984375 0.02109375 0.0921875
2 0.5109375 0.46875 0.03125 0.071875
0 0.6734375 0.48515625 0.02890625 0.053125
6 0.8390625 0.49765625 0.02734375 0.09375
2 0.571875 0.5453125 0.025 0.08984375
1 0.3703125 0.61484375 0.025 0.08984375
6 0.77890625 0.696875 0.0390625 0.1109375
1 0.54921875 0.73515625 0.02421875 0.1078125