6 0.659375 0.1265625 0.02578125 0.08828125
1 0.421875 0.1421875 0.0203125 0.09765625
6 0.66015625 0.29765625 0.028125 0.07890625
1 0.34921875 0.3171875 0.01484375 0.096875
6 0.65859375 0.38984375 0.03203125 0.0890625
2 0.60625 0.42265625 0.025 0.06328125
2 0.49375 0.42578125 0.02109375 0.0890625
1 0.203125 0.4671875 0.02421875 0.09921875
3 0.8140625 0.5140625 0.01796875 0.075
0 0.65703125 0.56328125 0.025 0.05390625
6 0.82734375 0.60390625 0.021875 0.0953125
2 0.51328125 0.61015625 0.025 0.090625
2 0.63046875 0.67578125 0.02578125 0.08984375
6 0.709375 0.75078125 0.0328125 0.09765625
1 0.42578125 0.790625 0.02734375 0.1