6 0.60234375 0.1421875 0.03984375 0.11328125
1 0.528125 0.146875 0.03515625 0.09921875
2 0.54609375 0.346875 0.0421875 0.11015625
1 0.3921875 0.43046875 0.03828125 0.1359375
1 0.06171875 0.43671875 0.0296875 0.1296875
3 0.63984375 0.50625 0.0421875 0.0953125
2 0.909375 0.51875 0.046875 0.13671875
0 0.5921875 0.52265625 0.034375 0.0828125
2 0.3984375 0.56171875 0.03828125 0.09765625
6 0.65390625 0.67734375 0.04921875 0.0703125
2 0.38203125 0.690625 0.03203125 0.15390625
6 0.628125 0.72421875 0.053125 0.05625
6 0.6546875 0.80390625 0.05703125 0.10078125
2 0.53046875 0.80703125 0.04375 0.13671875
1 0.27578125 0.84375 0.03515625 0.153125