1 0.66953125 0.1953125 0.02578125 0.07265625
6 0.78515625 0.21015625 0.02578125 0.08828125
1 0.375 0.28125 0.02578125 0.08203125
2 0.59296875 0.29921875 0.02421875 0.08203125
6 0.79140625 0.303125 0.034375 0.09375
6 0.75859375 0.40546875 0.0390625 0.115625
2 0.52109375 0.434375 0.028125 0.08125
0 0.6703125 0.48828125 0.0328125 0.05625
3 0.8078125 0.503125 0.0296875 0.12265625
1 0.21796875 0.51015625 0.021875 0.1109375
2 0.5609375 0.5921875 0.02265625 0.09921875
6 0.684375 0.596875 0.02890625 0.0921875
1 0.4296875 0.7671875 0.0296875 0.11328125
6 0.584375 0.7921875 0.028125 0.096875