6 0.26171875 0.1359375 0.01875 0.08203125
1 0.484375 0.13984375 0.025 0.059375
1 0.53828125 0.19765625 0.025 0.09765625
6 0.2890625 0.2484375 0.02734375 0.084375
2 0.43046875 0.259375 0.02265625 0.07421875
2 0.34140625 0.2890625 0.02734375 0.07578125
3 0.19453125 0.40234375 0.02421875 0.09765625
0 0.31328125 0.4078125 0.028125 0.04921875
6 0.359375 0.51171875 0.02734375 0.07890625
2 0.5171875 0.52578125 0.02421875 0.07890625
1 0.71484375 0.54375 0.02421875 0.09296875
6 0.3171875 0.58125 0.021875 0.0953125
2 0.51953125 0.615625 0.015625 0.11171875
6 0.29140625 0.62265625 0.028125 0.0859375
1 0.60078125 0.8296875 0.02109375 0.115625
6 0.30390625 0.87734375 0.02890625 0.096875