6 0.3671875 0.28984375 0.02265625 0.0640625
1 0.66328125 0.33125 0.028125 0.11171875
6 0.390625 0.34375 0.02890625 0.1078125
6 0.346875 0.3609375 0.040625 0.05078125
1 0.52421875 0.36328125 0.02265625 0.12265625
2 0.45234375 0.378125 0.040625 0.1046875
1 0.93125 0.43828125 0.025 0.1328125
2 0.57265625 0.43984375 0.03671875 0.13203125
3 0.178125 0.484375 0.02109375 0.13671875
0 0.3421875 0.540625 0.03203125 0.08125
6 0.140625 0.56796875 0.02890625 0.11484375
2 0.503125 0.63515625 0.03671875 0.1328125
6 0.22421875 0.7078125 0.05703125 0.12109375
2 0.2890625 0.74140625 0.0359375 0.12578125
1 0.73671875 0.75 0.0203125 0.146875