6 0.62265625 0.13828125 0.03671875 0.1078125
1 0.38046875 0.16171875 0.03125 0.08671875
6 0.66015625 0.31015625 0.03515625 0.09375
2 0.46328125 0.346875 0.0296875 0.11015625
1 0.14453125 0.365625 0.02578125 0.1171875
2 0.4640625 0.5453125 0.021875 0.08671875
3 0.6828125 0.57578125 0.03671875 0.078125
6 0.896875 0.57734375 0.02890625 0.1078125
0 0.6421875 0.59296875 0.0359375 0.0671875
2 0.4640625 0.69453125 0.025 0.10078125
6 0.67265625 0.709375 0.03828125 0.04765625
2 0.5953125 0.71171875 0.0359375 0.09765625
1 0.25078125 0.73984375 0.0328125 0.12265625
6 0.68125 0.775 0.03984375 0.08671875
1 0.590625 0.82421875 0.02578125 0.12578125