1 0.66015625 0.0953125 0.021875 0.07109375
6 0.8453125 0.1234375 0.028125 0.0859375
1 0.56328125 0.25546875 0.0140625 0.08515625
6 0.71328125 0.346875 0.03828125 0.03203125
2 0.54921875 0.37578125 0.02109375 0.0859375
1 0.33984375 0.41640625 0.0171875 0.10703125
6 0.7953125 0.42734375 0.02265625 0.06171875
0 0.64921875 0.44921875 0.03515625 0.0609375
2 0.51875 0.45234375 0.02578125 0.08125
3 0.7875 0.47421875 0.01875 0.09609375
1 0.43125 0.6125 0.0171875 0.1
6 0.5546875 0.67265625 0.028125 0.090625
1 0.26328125 0.7828125 0.0203125 0.0859375
6 0.46640625 0.88671875 0.0328125 0.09296875