6 0.7640625 0.17265625 0.03984375 0.09296875
1 0.671875 0.1734375 0.02578125 0.0796875
1 0.384375 0.25234375 0.021875 0.1
2 0.5625 0.32109375 0.028125 0.08125
3 0.86875 0.36640625 0.025 0.109375
0 0.7234375 0.38125 0.028125 0.071875
2 0.5421875 0.40390625 0.021875 0.1078125
6 0.89921875 0.42265625 0.0296875 0.11328125
6 0.8515625 0.4296875 0.03515625 0.09765625
1 0.09375 0.49375 0.0203125 0.125
6 0.71640625 0.49375 0.02890625 0.1
1 0.4953125 0.5203125 0.01796875 0.11171875
6 0.73671875 0.7171875 0.04375 0.1109375
1 0.59921875 0.728125 0.0328125 0.10703125