1 0.3328125 0.23828125 0.02890625 0.03203125
6 0.29140625 0.26796875 0.0296875 0.090625
2 0.353125 0.29375 0.03203125 0.09765625
2 0.4609375 0.31875 0.025 0.09375
1 0.86953125 0.32578125 0.02578125 0.1109375
6 0.24375 0.32890625 0.02734375 0.084375
6 0.16328125 0.3921875 0.02265625 0.10078125
2 0.484375 0.40234375 0.034375 0.08828125
0 0.32578125 0.421875 0.040625 0.03671875
3 0.18828125 0.4328125 0.028125 0.11171875
1 0.78125 0.55703125 0.03203125 0.09765625
2 0.51484375 0.596875 0.02578125 0.096875
6 0.3046875 0.63828125 0.021875 0.12421875
1 0.659375 0.7875 0.0296875 0.096875
6 0.36484375 0.81328125 0.0453125 0.0953125