6 0.47578125 0.12734375 0.03515625 0.08984375
1 0.71875 0.13203125 0.02421875 0.08984375
2 0.509375 0.1953125 0.03828125 0.08515625
6 0.39375 0.24375 0.0421875 0.04296875
6 0.2875 0.25703125 0.02734375 0.06015625
2 0.5671875 0.2671875 0.02265625 0.1140625
3 0.2859375 0.33515625 0.025 0.09765625
1 0.86015625 0.34921875 0.02265625 0.10390625
0 0.41328125 0.3796875 0.034375 0.07265625
2 0.5625 0.409375 0.02578125 0.10078125
2 0.49453125 0.65234375 0.021875 0.109375
6 0.3046875 0.6671875 0.0296875 0.1109375
1 0.73671875 0.70078125 0.028125 0.10703125
6 0.25234375 0.703125 0.0359375 0.09765625
1 0.56875 0.84921875 0.021875 0.115625