1 0.23125 0.1796875 0.0359375 0.09921875
6 0.16171875 0.1890625 0.03203125 0.10390625
1 0.33671875 0.39921875 0.025 0.07109375
2 0.49765625 0.4375 0.03125 0.08671875
1 0.77734375 0.44140625 0.03125 0.11875
6 0.18203125 0.5203125 0.02890625 0.10390625
2 0.553125 0.5421875 0.03203125 0.0953125
0 0.3671875 0.54921875 0.03984375 0.0640625
3 0.22890625 0.58125 0.02734375 0.11484375
6 0.26796875 0.65703125 0.0296875 0.096875
2 0.6078125 0.6578125 0.03125 0.11484375
6 0.39765625 0.69921875 0.04609375 0.07421875
6 0.4390625 0.79609375 0.03203125 0.12578125
1 0.7390625 0.81328125 0.03515625 0.09765625