1 0.5796875 0.2828125 0.0203125 0.0796875
2 0.48828125 0.33828125 0.02734375 0.046875
6 0.40078125 0.34921875 0.025 0.06015625
1 0.6390625 0.35234375 0.02578125 0.090625
2 0.5921875 0.39765625 0.0203125 0.071875
6 0.33125 0.4078125 0.02265625 0.05390625
0 0.478125 0.475 0.034375 0.0546875
3 0.334375 0.484375 0.01875 0.1140625
2 0.60546875 0.484375 0.02109375 0.096875
1 0.69765625 0.528125 0.02421875 0.0890625
6 0.3515625 0.54765625 0.021875 0.08515625
2 0.5328125 0.575 0.02890625 0.07109375
1 0.70859375 0.7578125 0.021875 0.0953125
6 0.52265625 0.80078125 0.0421875 0.09765625