6 0.41484375 0.2171875 0.03515625 0.08125
1 0.51484375 0.21953125 0.025 0.0890625
2 0.509375 0.440625 0.02421875 0.09765625
1 0.93671875 0.4828125 0.0171875 0.10390625
6 0.09453125 0.48515625 0.02265625 0.1109375
3 0.309375 0.49140625 0.03984375 0.07890625
0 0.34765625 0.51328125 0.03125 0.06015625
2 0.49453125 0.55234375 0.02890625 0.096875
2 0.35546875 0.6484375 0.0328125 0.04296875
6 0.29375 0.65 0.03203125 0.08984375
6 0.26484375 0.6796875 0.03984375 0.084375
1 0.35234375 0.69453125 0.028125 0.06796875
6 0.24609375 0.72578125 0.03125 0.07421875
1 0.3640625 0.7953125 0.02734375 0.109375