6 0.61875 0.13984375 0.0328125 0.1046875
1 0.68515625 0.14921875 0.03125 0.08828125
2 0.51328125 0.390625 0.05703125 0.09296875
1 0.615625 0.39765625 0.040625 0.121875
6 0.2390625 0.39765625 0.03515625 0.12421875
3 0.2046875 0.434375 0.02890625 0.1359375
0 0.371875 0.5 0.03671875 0.07109375
2 0.57265625 0.534375 0.03671875 0.12734375
6 0.16953125 0.53984375 0.03671875 0.09765625
2 0.51484375 0.6109375 0.0421875 0.13671875
6 0.2390625 0.6328125 0.0609375 0.121875
2 0.26328125 0.684375 0.0390625 0.146875
1 0.83984375 0.71171875 0.04765625 0.14375
6 0.09921875 0.71328125 0.028125 0.12578125
1 0.3671875 0.8203125 0.0328125 0.134375