6 0.7078125 0.09765625 0.02734375 0.084375
1 0.428125 0.13828125 0.021875 0.09296875
6 0.66484375 0.2375 0.02578125 0.08125
1 0.50625 0.2625 0.0203125 0.0828125
1 0.228125 0.32421875 0.015625 0.09765625
6 0.6953125 0.38515625 0.028125 0.08125
2 0.5546875 0.4484375 0.01796875 0.096875
3 0.8171875 0.5421875 0.02265625 0.10625
0 0.67578125 0.5578125 0.02890625 0.06328125
2 0.4921875 0.615625 0.021875 0.11484375
1 0.21640625 0.6625 0.01796875 0.09296875
1 0.63671875 0.69921875 0.028125 0.1109375
6 0.703125 0.703125 0.0390625 0.08828125
6 0.73828125 0.84296875 0.02578125 0.08984375
1 0.63828125 0.8640625 0.02421875 0.10703125