6 0.6171875 0.12265625 0.03203125 0.0828125
1 0.5609375 0.1328125 0.028125 0.09921875
6 0.68359375 0.29140625 0.034375 0.08125
1 0.59921875 0.2953125 0.02890625 0.08515625
1 0.12265625 0.540625 0.02734375 0.10390625
2 0.5328125 0.54375 0.02265625 0.1109375
3 0.840625 0.56015625 0.0328125 0.07890625
0 0.7046875 0.590625 0.03515625 0.0703125
6 0.871875 0.63671875 0.034375 0.09609375
2 0.559375 0.66015625 0.0296875 0.09765625
6 0.7578125 0.721875 0.02734375 0.07734375
2 0.66953125 0.77578125 0.025 0.109375
6 0.8046875 0.7953125 0.03203125 0.10234375
1 0.5171875 0.8390625 0.02890625 0.115625