1 0.5296875 0.19296875 0.01796875 0.07265625
2 0.646875 0.28828125 0.02890625 0.06796875
6 0.71875 0.30390625 0.0296875 0.034375
6 0.7078125 0.3296875 0.03515625 0.05078125
1 0.23984375 0.33515625 0.0171875 0.0921875
2 0.52421875 0.35625 0.02421875 0.0828125
3 0.69921875 0.41796875 0.03203125 0.0609375
0 0.66484375 0.42890625 0.028125 0.06328125
6 0.8578125 0.43125 0.02578125 0.08671875
2 0.51484375 0.4546875 0.0203125 0.0921875
1 0.3515625 0.5578125 0.028125 0.109375
2 0.58515625 0.59765625 0.0203125 0.10078125
6 0.64453125 0.66328125 0.02578125 0.0859375
6 0.6828125 0.709375 0.028125 0.0953125
1 0.48515625 0.7109375 0.02109375 0.10703125