1 0.621875 0.128125 0.0296875 0.10390625
6 0.8109375 0.1578125 0.04765625 0.1203125
6 0.81015625 0.2671875 0.04296875 0.12265625
2 0.571875 0.271875 0.03515625 0.11484375
1 0.1421875 0.271875 0.02421875 0.1421875
2 0.45078125 0.36484375 0.02421875 0.13828125
3 0.83203125 0.42109375 0.02265625 0.07109375
0 0.64921875 0.43828125 0.04296875 0.05
2 0.39375 0.4828125 0.0390625 0.11015625
6 0.83515625 0.52734375 0.034375 0.13671875
6 0.74140625 0.5421875 0.03984375 0.10390625
1 0.16875 0.54296875 0.02421875 0.15
2 0.54375 0.54609375 0.0328125 0.11484375
6 0.5453125 0.72421875 0.05 0.12578125
1 0.21875 0.7328125 0.0359375 0.15390625