2 0.63515625 0.32421875 0.021875 0.06875
1 0.3609375 0.33125 0.02421875 0.0828125
6 0.69296875 0.3578125 0.03203125 0.05625
2 0.5078125 0.3859375 0.025 0.07265625
2 0.79296875 0.39375 0.02421875 0.0578125
0 0.65 0.43515625 0.0296875 0.053125
3 0.7875 0.44375 0.015625 0.11328125
2 0.4890625 0.45625 0.02109375 0.1046875
1 0.1828125 0.53984375 0.01796875 0.09765625
6 0.646875 0.59140625 0.03125 0.09765625
1 0.46875 0.609375 0.015625 0.096875
6 0.58984375 0.62734375 0.02734375 0.096875
6 0.6203125 0.67890625 0.025 0.10703125
1 0.39765625 0.68046875 0.021875 0.1046875