6 0.3421875 0.22578125 0.02890625 0.10703125
1 0.390625 0.2359375 0.034375 0.10078125
6 0.28203125 0.31640625 0.03125 0.0546875
6 0.146875 0.33828125 0.0359375 0.05234375
2 0.5078125 0.35859375 0.0296875 0.10390625
1 0.93671875 0.3828125 0.02890625 0.12265625
3 0.140625 0.4171875 0.0203125 0.12734375
2 0.48984375 0.45234375 0.03515625 0.12109375
0 0.303125 0.4578125 0.0296875 0.07421875
1 0.77421875 0.64765625 0.028125 0.125
6 0.22265625 0.71171875 0.034375 0.1046875
1 0.32421875 0.73515625 0.03515625 0.1359375
6 0.1640625 0.74453125 0.0328125 0.115625
1 0.5140625 0.7953125 0.02578125 0.12890625