1 0.65546875 0.2359375 0.0171875 0.10078125
6 0.44921875 0.2671875 0.028125 0.07734375
6 0.390625 0.353125 0.02421875 0.04765625
1 0.75234375 0.36953125 0.015625 0.09921875
2 0.5953125 0.43671875 0.01875 0.1
6 0.203125 0.43671875 0.021875 0.0890625
3 0.38125 0.45390625 0.02421875 0.06015625
2 0.56640625 0.4671875 0.02109375 0.09765625
0 0.415625 0.47734375 0.03203125 0.06875
6 0.3828125 0.54921875 0.02421875 0.0578125
2 0.52890625 0.56328125 0.0203125 0.0671875
6 0.3328125 0.56328125 0.02578125 0.07421875
1 0.83671875 0.6296875 0.02109375 0.1078125
6 0.36015625 0.64296875 0.02578125 0.1
1 0.434375 0.68046875 0.01796875 0.10234375