1 0.66875 0.1625 0.0203125 0.09765625
6 0.4890625 0.2 0.028125 0.0609375
3 0.42578125 0.2421875 0.0203125 0.09609375
1 0.728125 0.2453125 0.0203125 0.07890625
2 0.63671875 0.27890625 0.025 0.078125
0 0.53359375 0.28828125 0.02890625 0.06328125
6 0.39921875 0.29375 0.025 0.06796875
2 0.62734375 0.446875 0.02578125 0.08984375
6 0.44765625 0.540625 0.028125 0.08515625
1 0.78125 0.5421875 0.01796875 0.08515625
6 0.4546875 0.678125 0.02265625 0.0828125
1 0.5546875 0.7046875 0.028125 0.08984375
6 0.43984375 0.78984375 0.02578125 0.07890625
1 0.71875 0.82890625 0.02421875 0.0953125