1 0.43515625 0.16484375 0.01796875 0.0640625
1 0.61171875 0.171875 0.01796875 0.05078125
2 0.52734375 0.27578125 0.021875 0.075
6 0.28984375 0.32578125 0.02265625 0.03671875
2 0.52109375 0.3703125 0.0171875 0.0796875
1 0.7015625 0.37578125 0.02421875 0.084375
3 0.28984375 0.39375 0.01328125 0.09765625
0 0.39765625 0.40859375 0.025 0.04765625
2 0.4796875 0.45546875 0.0171875 0.065625
6 0.3625 0.5625 0.025 0.078125
1 0.59921875 0.590625 0.01484375 0.08828125
6 0.31015625 0.6734375 0.028125 0.08125
1 0.5328125 0.71875 0.01484375 0.09765625
6 0.28828125 0.8 0.0328125 0.0828125
1 0.5453125 0.8109375 0.021875 0.09765625