6 0.44375 0.10078125 0.03828125 0.090625
1 0.5234375 0.11328125 0.0296875 0.10078125
6 0.384375 0.22109375 0.0421875 0.0953125
1 0.47421875 0.22734375 0.028125 0.08671875
1 0.8375 0.3453125 0.02265625 0.11484375
2 0.434375 0.3828125 0.03984375 0.08828125
3 0.17421875 0.47734375 0.0390625 0.1359375
2 0.53203125 0.48515625 0.0328125 0.121875
0 0.334375 0.50390625 0.02734375 0.06328125
6 0.1234375 0.5578125 0.03125 0.11171875
2 0.5171875 0.57890625 0.02890625 0.1578125
6 0.27421875 0.63828125 0.0328125 0.140625
6 0.2015625 0.70625 0.0328125 0.13125
1 0.35390625 0.71015625 0.028125 0.15390625
1 0.5890625 0.7921875 0.025 0.14609375