1 0.7953125 0.18046875 0.01796875 0.06875
6 0.86328125 0.1953125 0.02578125 0.090625
1 0.63125 0.23125 0.0171875 0.09296875
6 0.8171875 0.28125 0.02421875 0.07578125
1 0.39296875 0.2859375 0.02265625 0.09375
6 0.721875 0.33671875 0.0296875 0.096875
2 0.396875 0.4734375 0.025 0.0796875
1 0.184375 0.50234375 0.021875 0.08515625
6 0.7171875 0.528125 0.0296875 0.078125
2 0.35 0.54765625 0.028125 0.075
0 0.52734375 0.55078125 0.02421875 0.078125
3 0.646875 0.596875 0.01875 0.13984375
6 0.19375 0.79453125 0.0296875 0.0953125
1 0.25625 0.82578125 0.0359375 0.12421875