6 0.659375 0.28125 0.0328125 0.05390625
1 0.478125 0.28125 0.02578125 0.08203125
2 0.5078125 0.3328125 0.02265625 0.071875
6 0.91171875 0.35625 0.028125 0.1078125
3 0.82734375 0.3578125 0.0296875 0.103125
0 0.68359375 0.40703125 0.03203125 0.0796875
2 0.503125 0.41484375 0.02421875 0.12890625
6 0.8546875 0.42578125 0.02578125 0.11796875
1 0.12265625 0.47265625 0.02421875 0.12421875
6 0.78984375 0.58046875 0.03515625 0.09921875
1 0.7140625 0.6078125 0.028125 0.11875
6 0.8515625 0.62265625 0.0421875 0.11171875
1 0.60859375 0.65390625 0.02421875 0.125