6 0.37578125 0.12578125 0.02421875 0.065625
1 0.5578125 0.134375 0.015625 0.0703125
6 0.36015625 0.20625 0.02578125 0.06875
1 0.709375 0.2359375 0.01875 0.0796875
6 0.384375 0.25078125 0.02421875 0.05625
1 0.49921875 0.25234375 0.02421875 0.078125
3 0.2625 0.35625 0.02109375 0.10234375
2 0.42890625 0.35625 0.0296875 0.0796875
0 0.37734375 0.3765625 0.02265625 0.05625
1 0.69765625 0.52734375 0.02421875 0.10703125
6 0.340625 0.53515625 0.02890625 0.09375
2 0.55234375 0.53671875 0.01484375 0.0859375
6 0.2984375 0.76640625 0.03828125 0.09296875
1 0.41328125 0.7671875 0.025 0.10703125