1 0.6640625 0.22734375 0.0328125 0.053125
6 0.74296875 0.2421875 0.03671875 0.09375
6 0.86796875 0.353125 0.02578125 0.06875
1 0.134375 0.3546875 0.028125 0.078125
2 0.55078125 0.359375 0.0296875 0.09609375
3 0.8640625 0.42265625 0.03203125 0.10625
0 0.70703125 0.43984375 0.0328125 0.0796875
2 0.56328125 0.47265625 0.028125 0.07421875
2 0.559375 0.57265625 0.03203125 0.0953125
6 0.75625 0.58125 0.03671875 0.109375
6 0.7171875 0.68203125 0.0328125 0.090625
1 0.49140625 0.71328125 0.03125 0.13203125
1 0.6171875 0.71953125 0.02734375 0.11171875
6 0.77890625 0.7453125 0.04609375 0.12265625