1 0.503125 0.21015625 0.02109375 0.08671875
6 0.70859375 0.26484375 0.02578125 0.08125
1 0.58125 0.2921875 0.021875 0.0828125
1 0.13984375 0.32578125 0.0203125 0.0953125
2 0.5359375 0.3453125 0.02734375 0.07265625
6 0.74296875 0.3546875 0.02734375 0.08828125
6 0.80625 0.37265625 0.02421875 0.0578125
0 0.65546875 0.4328125 0.03671875 0.0578125
3 0.80625 0.434375 0.02109375 0.096875
2 0.525 0.440625 0.0203125 0.10234375
2 0.56796875 0.47890625 0.015625 0.08125
6 0.71015625 0.52578125 0.02109375 0.0890625
1 0.57890625 0.57890625 0.0203125 0.1109375