1 0.47734375 0.27109375 0.02578125 0.08984375
1 0.69296875 0.303125 0.025 0.0953125
6 0.290625 0.32421875 0.028125 0.06796875
2 0.4296875 0.3671875 0.02578125 0.0859375
6 0.16171875 0.40234375 0.02578125 0.08203125
0 0.33125 0.45234375 0.034375 0.06796875
3 0.18671875 0.46328125 0.02890625 0.1140625
1 0.73671875 0.4671875 0.02421875 0.10078125
6 0.33359375 0.58125 0.0359375 0.1046875
2 0.51484375 0.5828125 0.028125 0.09296875
2 0.48359375 0.69140625 0.03671875 0.10078125
6 0.35078125 0.69296875 0.0296875 0.09296875
6 0.328125 0.76015625 0.0390625 0.096875
1 0.55078125 0.76171875 0.025 0.109375