1 0.515625 0.2078125 0.02109375 0.09609375
6 0.2859375 0.22421875 0.02578125 0.10390625
2 0.465625 0.31796875 0.01875 0.05234375
2 0.47109375 0.4015625 0.02109375 0.1171875
3 0.2640625 0.40859375 0.0171875 0.07109375
6 0.0796875 0.43671875 0.015625 0.1203125
0 0.30703125 0.45390625 0.03515625 0.07265625
2 0.5078125 0.49375 0.02109375 0.1109375
1 0.80546875 0.528125 0.0203125 0.12734375
6 0.275 0.53359375 0.02890625 0.04609375
1 0.39140625 0.5984375 0.025 0.11171875
6 0.25703125 0.6046875 0.03515625 0.08828125
6 0.25625 0.71875 0.028125 0.08515625
1 0.478125 0.7921875 0.021875 0.1109375