1 0.66171875 0.11953125 0.04296875 0.1171875
6 0.821875 0.11953125 0.0578125 0.14609375
2 0.596875 0.25390625 0.028125 0.134375
2 0.56484375 0.26875 0.03984375 0.07890625
6 0.66171875 0.32421875 0.05078125 0.05234375
2 0.33125 0.3859375 0.0421875 0.08828125
0 0.54765625 0.4390625 0.04921875 0.075
3 0.7484375 0.47109375 0.03671875 0.14921875
1 0.33046875 0.52578125 0.03515625 0.18125
6 0.76015625 0.546875 0.03984375 0.17890625
6 0.546875 0.57734375 0.04921875 0.16328125
2 0.3578125 0.596875 0.06484375 0.15234375
1 0.17421875 0.81328125 0.05078125 0.16328125
1 0.3171875 0.8296875 0.0421875 0.146875