6 0.63359375 0.1109375 0.03203125 0.07578125
6 0.678125 0.2078125 0.02578125 0.05390625
2 0.565625 0.21171875 0.02578125 0.08671875
2 0.51796875 0.31484375 0.02421875 0.0859375
3 0.778125 0.31953125 0.02265625 0.0796875
0 0.64921875 0.340625 0.02734375 0.065625
2 0.109375 0.3671875 0.025 0.08515625
6 0.79765625 0.3984375 0.02890625 0.0859375
2 0.52265625 0.4125 0.02265625 0.0859375
1 0.59765625 0.5578125 0.0203125 0.090625
6 0.73125 0.603125 0.0328125 0.08671875
1 0.403125 0.08046875 0.015625 0.0953125
1 0.434375 0.8734375 0.02578125 0.1046875
6 0.7421875 0.88828125 0.0390625 0.0953125