1 0.3265625 0.17265625 0.028125 0.08671875
6 0.25234375 0.17578125 0.03203125 0.10390625
1 0.5234375 0.3421875 0.02734375 0.09765625
6 0.2765625 0.40234375 0.034375 0.1109375
2 0.40625 0.42734375 0.02265625 0.1109375
1 0.878125 0.4984375 0.01875 0.11796875
2 0.6 0.58828125 0.02734375 0.12109375
0 0.4015625 0.64375 0.040625 0.0703125
3 0.36328125 0.65078125 0.03515625 0.1109375
2 0.640625 0.66171875 0.02421875 0.09921875
6 0.14375 0.684375 0.0296875 0.1078125
1 0.64296875 0.76015625 0.02734375 0.1109375
6 0.26328125 0.78203125 0.034375 0.1
6 0.409375 0.81015625 0.03203125 0.090625