6 0.578125 0.16875 0.02734375 0.0796875
1 0.4296875 0.17578125 0.025 0.075
6 0.6046875 0.259375 0.0328125 0.0859375
2 0.446875 0.28828125 0.02578125 0.09921875
1 0.16484375 0.3140625 0.02578125 0.1
6 0.77578125 0.3265625 0.02265625 0.0859375
3 0.796875 0.37421875 0.025 0.11484375
2 0.475 0.38828125 0.02734375 0.09296875
0 0.66171875 0.4078125 0.0328125 0.075
6 0.80234375 0.59375 0.0359375 0.11875
1 0.16015625 0.6078125 0.028125 0.12109375
1 0.6046875 0.6296875 0.025 0.12109375
6 0.85703125 0.76171875 0.040625 0.12109375
1 0.70078125 0.8046875 0.0296875 0.1109375