1 0.7265625 0.2 0.015625 0.0609375
6 0.8140625 0.2328125 0.021875 0.06875
1 0.6109375 0.26875 0.01796875 0.07890625
6 0.7265625 0.328125 0.0171875 0.078125
1 0.52265625 0.36015625 0.01484375 0.06796875
2 0.59765625 0.378125 0.01796875 0.07734375
2 0.53203125 0.465625 0.02578125 0.07421875
6 0.77265625 0.4875 0.02265625 0.0703125
0 0.628125 0.4921875 0.0203125 0.04296875
3 0.72265625 0.5171875 0.0171875 0.090625
2 0.4890625 0.571875 0.028125 0.059375
1 0.39375 0.61171875 0.025 0.07421875
6 0.57890625 0.66328125 0.02421875 0.08125
1 0.3765625 0.73125 0.021875 0.0828125
6 0.4734375 0.7546875 0.01796875 0.0859375