1 0.334375 0.17734375 0.01875 0.115625
6 0.6453125 0.24375 0.02734375 0.08828125
1 0.36328125 0.2734375 0.02578125 0.11484375
6 0.6203125 0.29375 0.03515625 0.09609375
6 0.66953125 0.33515625 0.0296875 0.06796875
2 0.53828125 0.33984375 0.02734375 0.0671875
2 0.596875 0.41640625 0.0390625 0.07734375
3 0.8109375 0.45 0.028125 0.09296875
0 0.65859375 0.496875 0.034375 0.08515625
6 0.8359375 0.52578125 0.02734375 0.11875
1 0.6140625 0.56484375 0.0390625 0.1046875
1 0.5625 0.59375 0.02578125 0.09296875
6 0.759375 0.7546875 0.03984375 0.1109375
1 0.4140625 0.80546875 0.03671875 0.12265625