1 0.69609375 0.2234375 0.0359375 0.08203125
6 0.78671875 0.27265625 0.0421875 0.12265625
1 0.09453125 0.3265625 0.02890625 0.12109375
2 0.6453125 0.35078125 0.03203125 0.1390625
2 0.4921875 0.42265625 0.03515625 0.12109375
6 0.915625 0.45546875 0.03203125 0.16171875
0 0.70234375 0.46875 0.05625 0.07734375
3 0.88203125 0.49140625 0.0359375 0.14921875
2 0.471875 0.58203125 0.0203125 0.140625
6 0.70625 0.6328125 0.0390625 0.12265625
1 0.396875 0.6828125 0.0296875 0.165625
1 0.54921875 0.69296875 0.0359375 0.1609375
6 0.6484375 0.70078125 0.034375 0.12578125
6 0.6890625 0.74921875 0.03828125 0.1390625