1 0.59609375 0.14921875 0.02109375 0.08984375
6 0.40625 0.15078125 0.02734375 0.0640625
6 0.4296875 0.23828125 0.0359375 0.0859375
2 0.51328125 0.271875 0.028125 0.08671875
1 0.8484375 0.2875 0.021875 0.1078125
3 0.23984375 0.36484375 0.015625 0.11171875
2 0.5765625 0.37421875 0.02734375 0.09921875
0 0.40390625 0.40078125 0.03203125 0.065625
6 0.26484375 0.42734375 0.028125 0.06484375
2 0.559375 0.4578125 0.028125 0.09765625
2 0.446875 0.528125 0.02578125 0.10703125
6 0.3578125 0.54921875 0.03671875 0.08671875
1 0.7875 0.603125 0.03515625 0.125
6 0.22109375 0.85625 0.04765625 0.1
1 0.3390625 0.87734375 0.03671875 0.11171875