6 0.43828125 0.25625 0.02109375 0.06015625
1 0.759375 0.271875 0.02578125 0.1
6 0.4453125 0.2984375 0.021875 0.07421875
2 0.56171875 0.29921875 0.02578125 0.1
6 0.41015625 0.3203125 0.03203125 0.03828125
6 0.1515625 0.3765625 0.03125 0.10390625
3 0.25390625 0.40390625 0.02421875 0.11484375
2 0.5671875 0.4078125 0.03203125 0.09921875
1 0.82890625 0.4078125 0.021875 0.08984375
0 0.39296875 0.4453125 0.03515625 0.0578125
2 0.51328125 0.503125 0.028125 0.09921875
1 0.81484375 0.559375 0.02734375 0.096875
6 0.1640625 0.771875 0.03828125 0.1
1 0.246875 0.79453125 0.02734375 0.09921875