1 0.53671875 0.240625 0.01796875 0.0828125
6 0.72109375 0.2796875 0.01796875 0.09609375
1 0.3234375 0.33203125 0.0203125 0.0796875
6 0.6921875 0.3328125 0.03515625 0.0296875
2 0.53984375 0.36171875 0.02421875 0.0703125
0 0.6609375 0.40703125 0.03125 0.05234375
3 0.6921875 0.41171875 0.02890625 0.06328125
6 0.84140625 0.41484375 0.02265625 0.07734375
2 0.515625 0.4265625 0.025 0.07421875
1 0.196875 0.52421875 0.02421875 0.0921875
1 0.51640625 0.55625 0.02578125 0.10390625
6 0.678125 0.609375 0.02421875 0.08828125
6 0.63046875 0.7828125 0.034375 0.1109375
1 0.49765625 0.78828125 0.02734375 0.09765625