6 0.384375 0.259375 0.02421875 0.084375
1 0.671875 0.265625 0.02109375 0.08125
6 0.33515625 0.3328125 0.03125 0.0640625
1 0.55390625 0.33671875 0.02578125 0.0828125
2 0.403125 0.46328125 0.0390625 0.06875
1 0.92734375 0.5046875 0.028125 0.0921875
2 0.49765625 0.52890625 0.02890625 0.09609375
6 0.0953125 0.55546875 0.02578125 0.0796875
3 0.303125 0.56484375 0.02734375 0.06328125
0 0.334375 0.58125 0.025 0.0640625
2 0.5078125 0.6421875 0.0296875 0.096875
6 0.2921875 0.6953125 0.03671875 0.06484375
6 0.253125 0.71484375 0.02734375 0.0890625
2 0.40234375 0.7421875 0.02578125 0.1046875
1 0.540625 0.8515625 0.03203125 0.11484375