1 0.51953125 0.15625 0.028125 0.125
6 0.359375 0.18359375 0.03828125 0.11328125
2 0.43203125 0.2515625 0.0453125 0.0828125
1 0.81015625 0.31484375 0.02578125 0.115625
2 0.5671875 0.39765625 0.02734375 0.11015625
6 0.06015625 0.41796875 0.03203125 0.12421875
3 0.29765625 0.43125 0.0453125 0.08828125
6 0.14375 0.4328125 0.03984375 0.10625
0 0.3515625 0.446875 0.034375 0.06484375
2 0.56484375 0.52890625 0.02734375 0.146875
6 0.25234375 0.63828125 0.03984375 0.09765625
1 0.7203125 0.65546875 0.0390625 0.13125
2 0.34609375 0.69375 0.03203125 0.15078125
6 0.26796875 0.71640625 0.040625 0.11875
1 0.66875 0.803125 0.025 0.1453125