1 0.4828125 0.13828125 0.015625 0.0796875
6 0.27578125 0.146875 0.03203125 0.08984375
6 0.23828125 0.34921875 0.0328125 0.10078125
1 0.43828125 0.3546875 0.02265625 0.0890625
1 0.91953125 0.50390625 0.02421875 0.0953125
2 0.4671875 0.51484375 0.02578125 0.09765625
3 0.29375 0.57421875 0.02890625 0.07109375
0 0.3328125 0.6015625 0.03203125 0.07109375
2 0.5109375 0.603125 0.0296875 0.07109375
6 0.0859375 0.6171875 0.02734375 0.1046875
2 0.52421875 0.69765625 0.02265625 0.07890625
6 0.2828125 0.7265625 0.02578125 0.090625
6 0.3390625 0.76875 0.0328125 0.09765625
1 0.5234375 0.790625 0.0171875 0.1109375