2 0.484375 0.2609375 0.02578125 0.07890625
1 0.2890625 0.28125 0.025 0.11171875
6 0.728125 0.284375 0.021875 0.090625
6 0.5703125 0.2921875 0.0296875 0.07109375
3 0.75078125 0.31875 0.02421875 0.1203125
2 0.45234375 0.32890625 0.02421875 0.11796875
0 0.60859375 0.3640625 0.0390625 0.07421875
1 0.17109375 0.3671875 0.0203125 0.1328125
2 0.48984375 0.4296875 0.02890625 0.10078125
6 0.7453125 0.43671875 0.03203125 0.08203125
2 0.64765625 0.4953125 0.0328125 0.12421875
6 0.7484375 0.5359375 0.03984375 0.115625
6 0.82421875 0.5828125 0.053125 0.1171875
1 0.2890625 0.5953125 0.02265625 0.1359375
1 0.57109375 0.65859375 0.03828125 0.13828125