6 0.32109375 0.12734375 0.03515625 0.0828125
1 0.61328125 0.128125 0.02265625 0.10703125
1 0.540625 0.15078125 0.015625 0.09765625
6 0.34140625 0.16484375 0.0359375 0.08828125
2 0.4078125 0.1828125 0.01796875 0.1078125
1 0.75625 0.2203125 0.0203125 0.109375
6 0.2765625 0.2390625 0.028125 0.078125
6 0.17578125 0.2671875 0.025 0.084375
2 0.51171875 0.32265625 0.0203125 0.1171875
3 0.16015625 0.3484375 0.02421875 0.1078125
0 0.32578125 0.3953125 0.0453125 0.0859375
2 0.49296875 0.471875 0.02109375 0.12421875
1 0.65234375 0.58984375 0.0203125 0.11875
6 0.21875 0.84375 0.034375 0.12265625
1 0.321875 0.85625 0.02265625 0.1328125