1 0.50546875 0.225 0.021875 0.07578125
2 0.5328125 0.2578125 0.025 0.08515625
6 0.5921875 0.28515625 0.03515625 0.02421875
2 0.4609375 0.29296875 0.02890625 0.0859375
6 0.646875 0.30859375 0.02265625 0.0890625
6 0.8078125 0.36015625 0.02421875 0.084375
3 0.62578125 0.37109375 0.02265625 0.04765625
2 0.40859375 0.3828125 0.025 0.09375
0 0.59375 0.39375 0.02890625 0.06328125
6 0.66484375 0.47265625 0.021875 0.08671875
2 0.5046875 0.475 0.02109375 0.0953125
1 0.44140625 0.48125 0.0171875 0.09921875
1 0.14375 0.55 0.02578125 0.09296875
6 0.70234375 0.784375 0.0328125 0.08984375
1 0.62578125 0.79921875 0.02578125 0.1140625