1 0.415625 0.13515625 0.015625 0.078125
6 0.2796875 0.14296875 0.021875 0.0703125
1 0.38671875 0.25234375 0.02265625 0.0640625
6 0.325 0.25703125 0.025 0.06796875
2 0.38125 0.3140625 0.025 0.05625
1 0.821875 0.39375 0.01796875 0.1
3 0.23828125 0.415625 0.02109375 0.08984375
0 0.36328125 0.4203125 0.028125 0.05234375
6 0.36015625 0.56328125 0.02734375 0.07890625
1 0.4390625 0.56640625 0.025 0.0890625
6 0.39453125 0.678125 0.0296875 0.084375
1 0.475 0.6859375 0.02109375 0.08671875
6 0.39765625 0.83984375 0.0296875 0.0953125
1 0.4765625 0.85078125 0.02578125 0.08671875