1 0.46328125 0.25234375 0.02578125 0.06484375
6 0.67578125 0.2734375 0.02578125 0.08203125
1 0.409375 0.3234375 0.0171875 0.084375
6 0.790625 0.3453125 0.025 0.05390625
2 0.5265625 0.39140625 0.02109375 0.07890625
3 0.78515625 0.40078125 0.02265625 0.08828125
0 0.65625 0.41328125 0.02734375 0.053125
2 0.52421875 0.47890625 0.025 0.078125
6 0.71328125 0.5109375 0.0296875 0.07734375
1 0.27734375 0.54375 0.02421875 0.0921875
1 0.54375 0.59921875 0.0203125 0.096875
6 0.7140625 0.63125 0.025 0.1
6 0.6796875 0.75234375 0.03203125 0.09921875
1 0.50625 0.759375 0.0296875 0.1046875