1 0.60390625 0.26171875 0.02734375 0.07734375
6 0.71875 0.2671875 0.028125 0.096875
6 0.70078125 0.34296875 0.03984375 0.040625
1 0.4796875 0.3546875 0.02265625 0.10703125
2 0.53125 0.3703125 0.02734375 0.07421875
3 0.859375 0.4671875 0.0203125 0.125
2 0.54765625 0.48203125 0.021875 0.08671875
0 0.70234375 0.503125 0.03984375 0.0828125
6 0.88046875 0.5296875 0.021875 0.12265625
1 0.11328125 0.54921875 0.03125 0.12109375
2 0.5984375 0.59921875 0.02578125 0.10390625
6 0.79609375 0.71484375 0.04375 0.1109375
1 0.7171875 0.75 0.0328125 0.12265625