1 0.2921875 0.175 0.02578125 0.06875
6 0.2375 0.17890625 0.02890625 0.07578125
1 0.75078125 0.21484375 0.02109375 0.09375
2 0.33515625 0.29765625 0.02890625 0.07890625
2 0.48515625 0.35703125 0.02265625 0.07421875
6 0.18046875 0.396875 0.02578125 0.09296875
0 0.334375 0.41484375 0.03203125 0.040625
3 0.209375 0.42890625 0.02734375 0.1
2 0.53671875 0.490625 0.02734375 0.09296875
1 0.78671875 0.5171875 0.02578125 0.096875
6 0.32890625 0.546875 0.02890625 0.09609375
2 0.49609375 0.60859375 0.02265625 0.103125
6 0.375 0.6171875 0.03203125 0.090625
1 0.70703125 0.8 0.02890625 0.0828125
6 0.40703125 0.8765625 0.0328125 0.10703125