1 0.35234375 0.13671875 0.021875 0.075
6 0.23515625 0.1578125 0.03125 0.084375
2 0.4140625 0.2859375 0.01875 0.07265625
6 0.28125 0.31171875 0.03203125 0.03984375
2 0.43671875 0.3640625 0.028125 0.08203125
3 0.278125 0.39375 0.0140625 0.07890625
0 0.30703125 0.41484375 0.034375 0.0671875
6 0.09765625 0.43203125 0.02421875 0.09765625
2 0.459375 0.43359375 0.028125 0.09765625
1 0.83125 0.43984375 0.0171875 0.0796875
1 0.51171875 0.64375 0.01875 0.090625
6 0.31328125 0.6578125 0.0328125 0.08828125
1 0.528125 0.75859375 0.021875 0.09296875
6 0.31328125 0.8078125 0.0328125 0.1046875