1 0.5921875 0.09921875 0.01796875 0.06484375
6 0.7296875 0.10546875 0.02421875 0.06796875
1 0.36640625 0.23359375 0.021875 0.078125
6 0.69609375 0.2421875 0.028125 0.07734375
2 0.5453125 0.284375 0.021875 0.06875
3 0.7828125 0.4125 0.025 0.1
0 0.66953125 0.41328125 0.028125 0.04375
2 0.49453125 0.484375 0.02734375 0.071875
1 0.28984375 0.5234375 0.01328125 0.0890625
6 0.6546875 0.56015625 0.02734375 0.075
1 0.43515625 0.628125 0.025 0.078125
6 0.66171875 0.6671875 0.0296875 0.08515625
1 0.33984375 0.80859375 0.02890625 0.08515625
6 0.63515625 0.86015625 0.0328125 0.096875