6 0.4359375 0.19375 0.0328125 0.06796875
1 0.63671875 0.21796875 0.02421875 0.0703125
2 0.48125 0.4046875 0.02890625 0.07578125
2 0.1171875 0.41015625 0.02734375 0.075
3 0.29765625 0.428125 0.028125 0.059375
6 0.20078125 0.4390625 0.02890625 0.07734375
0 0.33046875 0.46015625 0.028125 0.06171875
2 0.4703125 0.48984375 0.028125 0.08828125
1 0.8921875 0.50703125 0.025 0.10234375
6 0.246875 0.5609375 0.0296875 0.06015625
2 0.440625 0.56328125 0.028125 0.08671875
1 0.32421875 0.63203125 0.02265625 0.1
6 0.225 0.63828125 0.0296875 0.08515625
1 0.39375 0.71875 0.02265625 0.0859375