6 0.7109375 0.3 0.02265625 0.12421875
1 0.54296875 0.309375 0.02421875 0.1296875
6 0.65859375 0.3171875 0.0296875 0.11015625
1 0.47421875 0.3328125 0.0203125 0.1296875
3 0.8703125 0.45546875 0.028125 0.11875
2 0.53046875 0.5 0.0203125 0.13515625
6 0.9125 0.50703125 0.028125 0.11875
0 0.71953125 0.5078125 0.03828125 0.07890625
1 0.11875 0.53203125 0.02421875 0.10625
2 0.61171875 0.6109375 0.02109375 0.14609375
6 0.828125 0.6796875 0.046875 0.1296875
6 0.88125 0.703125 0.04375 0.12265625
1 0.59765625 0.73671875 0.021875 0.1328125
1 0.746875 0.73828125 0.028125 0.146875