6 0.82109375 0.10625 0.015625 0.0640625
1 0.590625 0.19375 0.015625 0.07421875
6 0.759375 0.23515625 0.02578125 0.084375
1 0.5578125 0.259375 0.015625 0.078125
2 0.5734375 0.32421875 0.0203125 0.07578125
6 0.71328125 0.3265625 0.0296875 0.075
1 0.284375 0.3703125 0.0140625 0.0953125
0 0.63515625 0.45859375 0.034375 0.0421875
3 0.7484375 0.48671875 0.0140625 0.0796875
2 0.459375 0.55546875 0.015625 0.08984375
6 0.58515625 0.60078125 0.02734375 0.08515625
1 0.63984375 0.07578125 0.015625 0.06484375
1 0.4046875 0.871875 0.02890625 0.07734375
6 0.47421875 0.87265625 0.028125 0.096875