6 0.3734375 0.1671875 0.02734375 0.08125
2 0.51328125 0.19375 0.021875 0.08984375
2 0.4546875 0.2421875 0.03671875 0.07265625
3 0.2328125 0.32265625 0.015625 0.10078125
0 0.3796875 0.3671875 0.0390625 0.06796875
1 0.890625 0.36875 0.01796875 0.09921875
6 0.209375 0.43984375 0.02734375 0.08671875
2 0.390625 0.53125 0.02265625 0.0953125
6 0.4359375 0.065625 0.02890625 0.06796875
6 0.25625 0.66875 0.03984375 0.09765625
1 0.58046875 0.68671875 0.028125 0.11015625
1 0.53046875 0.0828125 0.0171875 0.06484375
6 0.24296875 0.85078125 0.04921875 0.0953125
1 0.4328125 0.86328125 0.028125 0.1078125