6 0.284375 0.1484375 0.02109375 0.05703125
1 0.32578125 0.15078125 0.01875 0.04765625
1 0.5546875 0.2328125 0.01171875 0.07109375
2 0.4546875 0.315625 0.0171875 0.0421875
6 0.265625 0.35078125 0.0203125 0.04921875
0 0.36640625 0.3765625 0.03515625 0.0390625
2 0.4859375 0.378125 0.0171875 0.04765625
3 0.27734375 0.38828125 0.01875 0.065625
1 0.671875 0.43515625 0.0140625 0.06796875
6 0.3078125 0.5046875 0.015625 0.07890625
6 0.409375 0.5921875 0.02109375 0.075
1 0.5828125 0.64453125 0.01796875 0.06015625
1 0.58203125 0.8484375 0.02734375 0.06875
6 0.52734375 0.85703125 0.02578125 0.0703125