1 0.5953125 0.14375 0.0296875 0.10390625
1 0.36875 0.25078125 0.028125 0.10390625
6 0.790625 0.2796875 0.03671875 0.121875
6 0.778125 0.40625 0.034375 0.0890625
2 0.47578125 0.4296875 0.02734375 0.1203125
1 0.1734375 0.459375 0.021875 0.13671875
0 0.6421875 0.5140625 0.03515625 0.04921875
2 0.42890625 0.5234375 0.03125 0.10703125
3 0.68515625 0.55390625 0.02421875 0.103125
6 0.909375 0.634375 0.03203125 0.1109375
2 0.3828125 0.63671875 0.02890625 0.1046875
6 0.62734375 0.70703125 0.03984375 0.1109375
1 0.209375 0.778125 0.0296875 0.125
6 0.53125 0.79921875 0.0390625 0.1171875