1 0.55859375 0.15234375 0.021875 0.06796875
6 0.440625 0.15625 0.03203125 0.0859375
6 0.28828125 0.24609375 0.025 0.04375
1 0.8328125 0.2578125 0.021875 0.0890625
3 0.28359375 0.309375 0.0171875 0.09765625
2 0.5578125 0.33203125 0.02578125 0.08203125
0 0.40859375 0.346875 0.02578125 0.06015625
2 0.528125 0.45078125 0.02578125 0.08984375
6 0.33203125 0.4578125 0.0296875 0.0671875
6 0.28515625 0.57421875 0.028125 0.08125
1 0.453125 0.58046875 0.02109375 0.08828125
1 0.83203125 0.6390625 0.021875 0.10078125
6 0.25234375 0.8296875 0.03671875 0.09921875
1 0.459375 0.86640625 0.02109375 0.096875