1 0.384375 0.16484375 0.01484375 0.0453125
6 0.3234375 0.1703125 0.02578125 0.065625
1 0.66328125 0.23359375 0.01171875 0.06328125
6 0.33359375 0.284375 0.02265625 0.0671875
1 0.47890625 0.284375 0.01171875 0.05390625
2 0.5203125 0.41875 0.0140625 0.06015625
1 0.7796875 0.4671875 0.0171875 0.06796875
6 0.29765625 0.47265625 0.0171875 0.06796875
0 0.41640625 0.509375 0.028125 0.05234375
2 0.56171875 0.51640625 0.0171875 0.05078125
3 0.32421875 0.52265625 0.01328125 0.075
6 0.32421875 0.5921875 0.015625 0.07421875
2 0.55234375 0.63125 0.01171875 0.0609375
1 0.559375 0.77109375 0.021875 0.06328125
6 0.47578125 0.7828125 0.0328125 0.0828125