1 0.55078125 0.18671875 0.028125 0.1078125
6 0.26171875 0.24296875 0.04375 0.0953125
6 0.28203125 0.28125 0.040625 0.11171875
1 0.66875 0.30703125 0.02578125 0.14609375
6 0.09921875 0.36328125 0.0328125 0.06796875
2 0.49375 0.3765625 0.03515625 0.14296875
1 0.83125 0.40703125 0.02421875 0.14765625
3 0.09375 0.44765625 0.02578125 0.13125
0 0.26171875 0.478125 0.03671875 0.09296875
2 0.3296875 0.509375 0.03984375 0.1390625
2 0.46328125 0.52421875 0.034375 0.140625
6 0.2015625 0.58828125 0.04609375 0.1359375
1 0.6921875 0.62734375 0.021875 0.14609375
6 0.1296875 0.7078125 0.0421875 0.13515625
1 0.39375 0.75703125 0.0328125 0.15625