1 0.315625 0.11875 0.0203125 0.103125
6 0.653125 0.171875 0.0296875 0.0859375
6 0.60234375 0.1984375 0.03203125 0.0859375
1 0.41328125 0.23515625 0.01484375 0.1
6 0.66875 0.30546875 0.0328125 0.09765625
2 0.46171875 0.38359375 0.015625 0.1171875
3 0.7640625 0.478125 0.028125 0.1078125
2 0.44296875 0.490625 0.0171875 0.1296875
1 0.1953125 0.4953125 0.02890625 0.10703125
0 0.6203125 0.50390625 0.03203125 0.078125
2 0.521875 0.6421875 0.025 0.1109375
6 0.67734375 0.70234375 0.03203125 0.1046875
6 0.6609375 0.746875 0.034375 0.096875
1 0.41484375 0.81328125 0.02265625 0.10390625