1 0.3953125 0.1140625 0.01796875 0.0703125
6 0.57265625 0.12890625 0.021875 0.0671875
2 0.46484375 0.16171875 0.01796875 0.078125
6 0.60390625 0.22421875 0.025 0.04609375
2 0.46875 0.303125 0.02421875 0.075
3 0.696875 0.328125 0.0140625 0.0859375
0 0.56875 0.34296875 0.02890625 0.05234375
1 0.184375 0.3671875 0.01484375 0.0890625
2 0.48984375 0.37890625 0.0171875 0.09765625
6 0.71328125 0.38515625 0.02421875 0.06171875
1 0.365625 0.6296875 0.025 0.08984375
6 0.63515625 0.6421875 0.034375 0.08828125
6 0.59921875 0.85078125 0.040625 0.0921875
1 0.503125 0.85625 0.03203125 0.08515625