1 0.628125 0.14296875 0.02734375 0.10625
6 0.359375 0.16015625 0.03671875 0.09609375
2 0.4453125 0.253125 0.028125 0.115625
6 0.353125 0.30703125 0.03671875 0.07578125
3 0.315625 0.396875 0.028125 0.0828125
2 0.5828125 0.403125 0.02109375 0.13671875
6 0.09296875 0.41015625 0.0296875 0.10703125
1 0.9515625 0.415625 0.02109375 0.11875
0 0.3546875 0.44921875 0.034375 0.09765625
2 0.54609375 0.52421875 0.021875 0.1171875
6 0.29453125 0.5828125 0.02421875 0.09296875
6 0.2203125 0.66953125 0.04609375 0.10703125
1 0.69921875 0.70546875 0.0296875 0.12890625
1 0.55546875 0.81953125 0.028125 0.13203125