6 0.41875 0.11015625 0.021875 0.06171875
1 0.60390625 0.13515625 0.01328125 0.0609375
2 0.46015625 0.240625 0.015625 0.07578125
6 0.403125 0.26875 0.02109375 0.0640625
1 0.715625 0.30859375 0.0203125 0.06875
2 0.540625 0.35625 0.0140625 0.07265625
3 0.30234375 0.3640625 0.0203125 0.078125
0 0.39609375 0.396875 0.02265625 0.06171875
2 0.5171875 0.41640625 0.015625 0.07890625
6 0.28046875 0.42578125 0.021875 0.07109375
2 0.4828125 0.56171875 0.0140625 0.075
6 0.33984375 0.56875 0.028125 0.075
1 0.54453125 0.5828125 0.0203125 0.06484375
6 0.2921875 0.8546875 0.034375 0.07890625
1 0.515625 0.86015625 0.015625 0.078125