1 0.36875 0.9546875 0.03203125 0.03515625
6 0.48359375 0.1671875 0.02890625 0.07578125
1 0.5546875 0.1796875 0.02421875 0.078125
1 0.55546875 0.3453125 0.01796875 0.10234375
6 0.3921875 0.3671875 0.02265625 0.0703125
1 0.8234375 0.39921875 0.02578125 0.11015625
6 0.1703125 0.4078125 0.028125 0.08828125
3 0.340625 0.4078125 0.0171875 0.07890625
2 0.54140625 0.428125 0.021875 0.11484375
0 0.365625 0.44609375 0.02578125 0.071875
2 0.49375 0.478125 0.0296875 0.11015625
6 0.2546875 0.51484375 0.02578125 0.096875
1 0.58984375 0.5671875 0.02265625 0.12578125
6 0.18828125 0.69453125 0.04296875 0.1046875
1 0.28828125 0.715625 0.034375 0.12734375