6 0.68828125 0.18671875 0.04609375 0.13125
1 0.4921875 0.22265625 0.0296875 0.1359375
6 0.63984375 0.2546875 0.04921875 0.12421875
6 0.5953125 0.28984375 0.05 0.1390625
1 0.29140625 0.3046875 0.025 0.15234375
1 0.2515625 0.41015625 0.04921875 0.146875
2 0.5046875 0.43671875 0.03828125 0.0859375
2 0.38203125 0.45 0.02734375 0.1546875
3 0.721875 0.50546875 0.05703125 0.103125
2 0.5078125 0.528125 0.0421875 0.1046875
0 0.55625 0.53671875 0.03984375 0.0953125
1 0.48046875 0.57265625 0.02578125 0.090625
2 0.73671875 0.62578125 0.03671875 0.13125
6 0.56328125 0.8234375 0.04921875 0.1359375
1 0.47734375 0.83125 0.02734375 0.15703125