1 0.334375 0.1640625 0.0171875 0.08671875
6 0.56640625 0.18515625 0.034375 0.078125
2 0.528125 0.25234375 0.03984375 0.07265625
1 0.33125 0.3 0.025 0.10078125
6 0.82578125 0.33828125 0.034375 0.09296875
3 0.6265625 0.3453125 0.0296875 0.0609375
2 0.41484375 0.3640625 0.02109375 0.0921875
0 0.59296875 0.365625 0.03203125 0.059375
2 0.44921875 0.43984375 0.02578125 0.10703125
6 0.64765625 0.49140625 0.028125 0.08515625
1 0.3265625 0.528125 0.025 0.096875
2 0.521875 0.53515625 0.02265625 0.1171875
6 0.68203125 0.54609375 0.03984375 0.11015625
6 0.8046875 0.78984375 0.028125 0.12109375
1 0.46484375 0.82265625 0.03203125 0.1046875