1 0.4453125 0.178125 0.028125 0.103125
1 0.47421875 0.278125 0.03984375 0.13984375
6 0.5734375 0.27890625 0.040625 0.1421875
1 0.41015625 0.3140625 0.0328125 0.1109375
6 0.534375 0.31484375 0.04609375 0.1
2 0.43984375 0.33828125 0.03828125 0.084375
2 0.2765625 0.41015625 0.02890625 0.14375
6 0.72265625 0.47734375 0.05390625 0.1140625
3 0.68515625 0.540625 0.07265625 0.1671875
2 0.284375 0.54921875 0.0453125 0.128125
0 0.48984375 0.553125 0.03984375 0.10390625
6 0.90078125 0.56171875 0.04375 0.17265625
1 0.13515625 0.6703125 0.04921875 0.146875
6 0.515625 0.67265625 0.06171875 0.1171875
2 0.409375 0.71484375 0.075 0.146875