6 0.71875 0.10546875 0.0203125 0.059375
6 0.68671875 0.125 0.02421875 0.0671875
1 0.6046875 0.128125 0.0171875 0.07578125
1 0.2953125 0.33828125 0.0203125 0.071875
3 0.75234375 0.39296875 0.015625 0.0578125
2 0.559375 0.4 0.0203125 0.07890625
0 0.65390625 0.40078125 0.02421875 0.0421875
6 0.75703125 0.43671875 0.015625 0.05390625
2 0.5796875 0.5125 0.015625 0.07421875
1 0.48203125 0.740625 0.0203125 0.08125
6 0.6046875 0.8375 0.02421875 0.08125
1 0.4234375 0.8578125 0.02421875 0.07734375
1 0.52890625 0.08671875 0.0171875 0.065625
6 0.646875 0.8796875 0.025 0.08515625