6 0.24921875 0.171875 0.03671875 0.0859375
1 0.30703125 0.17734375 0.03203125 0.096875
1 0.61875 0.31484375 0.02890625 0.1203125
2 0.49375 0.478125 0.0296875 0.12265625
0 0.35703125 0.5265625 0.03828125 0.046875
3 0.1828125 0.55078125 0.0296875 0.1421875
2 0.5578125 0.58515625 0.0359375 0.12421875
1 0.08828125 0.5859375 0.03828125 0.12890625
1 0.87421875 0.590625 0.028125 0.12109375
6 0.35625 0.6703125 0.0296875 0.08125
2 0.56328125 0.68125 0.02578125 0.1171875
6 0.33828125 0.70546875 0.0421875 0.08515625
1 0.6765625 0.803125 0.03515625 0.125
6 0.36015625 0.82578125 0.03828125 0.12734375