1 0.6453125 0.0953125 0.028125 0.090625
6 0.465625 0.24140625 0.0359375 0.08515625
1 0.5734375 0.27578125 0.02890625 0.0890625
6 0.35859375 0.36328125 0.0328125 0.04296875
2 0.55859375 0.4015625 0.03671875 0.11015625
6 0.2265625 0.41171875 0.02734375 0.08984375
3 0.1796875 0.44140625 0.021875 0.11171875
2 0.5265625 0.496875 0.03671875 0.11171875
0 0.353125 0.50390625 0.02421875 0.06328125
2 0.44921875 0.5921875 0.02890625 0.109375
1 0.9015625 0.59765625 0.04609375 0.12890625
6 0.0875 0.8375 0.04296875 0.11171875
1 0.18984375 0.8703125 0.03515625 0.12734375
6 0.58828125 0.090625 0.0296875 0.08203125