1 0.47890625 0.2078125 0.025 0.08828125
6 0.66171875 0.2421875 0.0203125 0.08515625
2 0.56484375 0.271875 0.025 0.0609375
6 0.615625 0.27578125 0.015625 0.0421875
1 0.453125 0.278125 0.025 0.0890625
6 0.63984375 0.296875 0.0328125 0.03671875
2 0.5296875 0.36796875 0.025 0.0828125
2 0.8265625 0.37265625 0.025 0.08515625
3 0.66328125 0.38359375 0.02265625 0.0453125
0 0.6359375 0.40234375 0.028125 0.0546875
2 0.490625 0.446875 0.02734375 0.09296875
2 0.63125 0.5171875 0.025 0.1046875
1 0.228125 0.553125 0.028125 0.09296875
6 0.740625 0.78125 0.03828125 0.09921875
1 0.5078125 0.81171875 0.028125 0.1046875