1 0.74375 0.28125 0.02421875 0.10625
1 0.35234375 0.2890625 0.02890625 0.090625
6 0.2421875 0.3 0.0296875 0.075
2 0.45 0.37578125 0.02734375 0.09921875
6 0.23203125 0.38515625 0.04609375 0.07265625
2 0.50859375 0.48359375 0.0328125 0.084375
0 0.31796875 0.49375 0.0421875 0.0671875
3 0.15703125 0.5140625 0.02265625 0.115625
2 0.534375 0.57109375 0.0328125 0.08515625
6 0.1703125 0.61328125 0.025 0.1171875
6 0.29609375 0.646875 0.0421875 0.08828125
1 0.9046875 0.678125 0.02890625 0.11328125
6 0.37578125 0.7796875 0.0390625 0.11484375
1 0.54765625 0.7875 0.02890625 0.1140625