1 0.57578125 0.13828125 0.015625 0.08671875
6 0.37421875 0.19375 0.040625 0.09375
2 0.42734375 0.2625 0.0296875 0.103125
6 0.31328125 0.31484375 0.02578125 0.0796875
1 0.72265625 0.32578125 0.0203125 0.103125
2 0.54375 0.4 0.015625 0.1140625
3 0.32734375 0.40078125 0.02578125 0.0703125
6 0.16796875 0.403125 0.025 0.090625
0 0.36171875 0.42109375 0.02890625 0.0640625
2 0.52109375 0.51328125 0.01796875 0.1
2 0.378125 0.56328125 0.03125 0.10703125
1 0.790625 0.68671875 0.02109375 0.1046875
6 0.2859375 0.71875 0.03203125 0.096875
6 0.22890625 0.7453125 0.0390625 0.0921875
1 0.5328125 0.834375 0.01875 0.115625