6 0.4421875 0.11328125 0.025 0.0703125
1 0.64765625 0.11796875 0.02265625 0.08515625
6 0.38828125 0.18984375 0.0203125 0.08671875
2 0.5546875 0.2671875 0.021875 0.0953125
1 0.78671875 0.28125 0.02734375 0.07578125
3 0.2265625 0.33828125 0.025 0.090625
0 0.365625 0.3703125 0.03125 0.0796875
6 0.19765625 0.3984375 0.02109375 0.07421875
2 0.5171875 0.40625 0.02265625 0.10078125
2 0.39765625 0.484375 0.02890625 0.0890625
1 0.4921875 0.56875 0.02734375 0.09765625
6 0.28828125 0.57265625 0.03203125 0.0640625
6 0.7390625 0.6328125 0.028125 0.1109375
6 0.17734375 0.82421875 0.0296875 0.08984375
1 0.48046875 0.83125 0.02734375 0.1109375