6 0.4640625 0.17890625 0.02890625 0.06484375
1 0.66484375 0.19921875 0.01796875 0.075
1 0.5109375 0.2453125 0.025 0.06796875
2 0.503125 0.2515625 0.028125 0.0703125
6 0.38984375 0.2796875 0.02421875 0.05625
3 0.290625 0.359375 0.01171875 0.0859375
0 0.4125 0.40234375 0.0328125 0.06796875
2 0.5546875 0.484375 0.02109375 0.090625
6 0.3703125 0.4921875 0.02265625 0.0859375
1 0.80546875 0.58984375 0.02109375 0.1109375
6 0.3140625 0.61484375 0.0296875 0.075
1 0.59453125 0.67578125 0.025 0.08671875
6 0.2421875 0.84765625 0.0359375 0.08671875
6 0.5140625 0.89609375 0.028125 0.1