1 0.60859375 0.18125 0.0328125 0.11015625
6 0.546875 0.184375 0.03671875 0.1109375
2 0.49453125 0.37890625 0.04375 0.10390625
6 0.09453125 0.4234375 0.02890625 0.09765625
3 0.184375 0.42734375 0.02578125 0.12578125
1 0.8703125 0.4328125 0.03828125 0.13515625
0 0.34765625 0.51484375 0.04609375 0.09765625
6 0.178125 0.528125 0.0421875 0.06484375
2 0.56328125 0.53125 0.03828125 0.1328125
6 0.246875 0.60546875 0.04375 0.05703125
6 0.1828125 0.61875 0.0328125 0.1046875
2 0.4953125 0.63828125 0.0453125 0.13828125
2 0.27578125 0.6828125 0.03515625 0.1703125
1 0.778125 0.690625 0.0421875 0.15
1 0.4234375 0.79765625 0.0359375 0.13671875