1 0.6671875 0.140625 0.01875 0.115625
3 0.2859375 0.2 0.01875 0.134375
1 0.7671875 0.23671875 0.0203125 0.11171875
0 0.428125 0.25078125 0.03203125 0.06015625
6 0.253125 0.2546875 0.02578125 0.0921875
2 0.59453125 0.265625 0.0328125 0.103125
6 0.29453125 0.35 0.0203125 0.1140625
2 0.54140625 0.37578125 0.02890625 0.1140625
1 0.70234375 0.4671875 0.02578125 0.11875
6 0.27734375 0.48671875 0.03828125 0.096875
1 0.3640625 0.5046875 0.025 0.1078125
6 0.1625 0.721875 0.04375 0.10703125
1 0.42734375 0.821875 0.02734375 0.1359375