6 0.4078125 0.17421875 0.02578125 0.059375
1 0.484375 0.1765625 0.0171875 0.06015625
2 0.4703125 0.228125 0.0171875 0.0578125
6 0.2703125 0.240625 0.021875 0.0703125
6 0.3046875 0.259375 0.01484375 0.084375
3 0.265625 0.27578125 0.01796875 0.0890625
0 0.3703125 0.296875 0.025 0.0546875
2 0.48984375 0.3 0.02421875 0.07734375
2 0.37578125 0.3703125 0.02890625 0.09765625
1 0.83125 0.38203125 0.01171875 0.1078125
6 0.221875 0.48515625 0.0328125 0.08125
1 0.31640625 0.48671875 0.0203125 0.090625
6 0.16328125 0.65390625 0.034375 0.07734375
1 0.23828125 0.66640625 0.02421875 0.078125