1 0.55703125 0.16953125 0.028125 0.09765625
6 0.66796875 0.17734375 0.034375 0.09921875
6 0.63671875 0.203125 0.0296875 0.0890625
1 0.51328125 0.23515625 0.025 0.11796875
1 0.059375 0.42734375 0.0421875 0.103125
3 0.84453125 0.48515625 0.0296875 0.11328125
0 0.69453125 0.5203125 0.040625 0.090625
2 0.52734375 0.521875 0.0296875 0.1046875
6 0.8796875 0.575 0.028125 0.10078125
2 0.56328125 0.6421875 0.02421875 0.10390625
6 0.75234375 0.665625 0.0296875 0.0671875
6 0.78828125 0.70390625 0.04921875 0.08125
1 0.3421875 0.72890625 0.0390625 0.0828125
1 0.703125 0.77734375 0.025 0.10703125