6 0.67109375 0.12890625 0.02734375 0.06875
1 0.47578125 0.1578125 0.01796875 0.0609375
1 0.32734375 0.3125 0.0140625 0.0859375
2 0.534375 0.33828125 0.02265625 0.08828125
3 0.78671875 0.3671875 0.025 0.09609375
0 0.665625 0.39375 0.02890625 0.0609375
6 0.803125 0.41796875 0.02734375 0.0890625
2 0.52890625 0.42578125 0.02578125 0.0640625
6 0.7234375 0.47578125 0.02890625 0.0890625
2 0.57109375 0.5828125 0.028125 0.103125
6 0.7140625 0.6375 0.03984375 0.09765625
1 0.3546875 0.678125 0.02734375 0.0921875
1 0.45859375 0.81640625 0.02734375 0.0890625
6 0.759375 0.82578125 0.040625 0.1171875