6 0.58671875 0.26875 0.02578125 0.065625
1 0.5203125 0.28359375 0.02265625 0.06328125
6 0.628125 0.37421875 0.028125 0.0828125
1 0.43828125 0.41015625 0.02265625 0.084375
6 0.634375 0.46484375 0.02421875 0.02109375
2 0.50703125 0.49765625 0.021875 0.07734375
6 0.83515625 0.525 0.02109375 0.08203125
1 0.2015625 0.52578125 0.02109375 0.09296875
3 0.6828125 0.540625 0.025 0.05625
2 0.52421875 0.5546875 0.02578125 0.0921875
0 0.64921875 0.55625 0.02421875 0.0546875
2 0.55234375 0.62578125 0.02734375 0.078125
6 0.69921875 0.6328125 0.03671875 0.05234375
1 0.634375 0.675 0.02421875 0.08984375