1 0.47265625 0.19765625 0.0171875 0.08125
6 0.3328125 0.2640625 0.02265625 0.06875
2 0.42421875 0.28125 0.02578125 0.0890625
6 0.371875 0.309375 0.01796875 0.0828125
1 0.63984375 0.32109375 0.0203125 0.09296875
6 0.3171875 0.3296875 0.02734375 0.07265625
2 0.496875 0.39140625 0.0171875 0.02109375
6 0.1328125 0.3921875 0.01796875 0.0921875
3 0.3171875 0.40703125 0.02265625 0.06484375
0 0.35078125 0.43984375 0.0296875 0.07265625
2 0.49453125 0.453125 0.021875 0.1
1 0.740625 0.52578125 0.01875 0.1
2 0.36171875 0.53671875 0.0203125 0.1046875
6 0.2671875 0.71484375 0.03515625 0.0890625
1 0.34921875 0.72890625 0.02265625 0.08984375