6 0.63984375 0.1875 0.02734375 0.07734375
1 0.56484375 0.21015625 0.0171875 0.06171875
6 0.65 0.3 0.02265625 0.065625
2 0.57265625 0.315625 0.01875 0.071875
2 0.621875 0.43046875 0.02265625 0.053125
3 0.778125 0.434375 0.02109375 0.08828125
0 0.6671875 0.44765625 0.034375 0.04375
1 0.2203125 0.5171875 0.02265625 0.07265625
6 0.73984375 0.65234375 0.028125 0.08515625
6 0.61171875 0.065625 0.02578125 0.0671875
1 0.68671875 0.67578125 0.025 0.0828125
6 0.815625 0.8296875 0.028125 0.06328125
1 0.73359375 0.859375 0.02421875 0.08515625
1 0.55546875 0.08671875 0.01875 0.06484375