1 0.628125 0.23046875 0.02578125 0.09296875
6 0.70078125 0.23671875 0.03515625 0.09296875
1 0.09765625 0.3578125 0.02734375 0.08515625
2 0.57578125 0.3703125 0.03515625 0.0796875
2 0.46171875 0.3890625 0.0296875 0.0703125
6 0.62734375 0.41640625 0.02734375 0.065625
2 0.409375 0.47890625 0.03125 0.09296875
3 0.61015625 0.48515625 0.03515625 0.08203125
0 0.571875 0.49375 0.0328125 0.06015625
6 0.8140625 0.5375 0.03203125 0.1046875
2 0.47890625 0.61171875 0.046875 0.09296875
6 0.55234375 0.6171875 0.02578125 0.07265625
1 0.33203125 0.6296875 0.028125 0.09296875
6 0.57734375 0.63984375 0.03203125 0.08125
6 0.5640625 0.69375 0.02421875 0.140625
1 0.38671875 0.696875 0.02890625 0.103125