6 0.41640625 0.165625 0.03671875 0.10078125
1 0.6953125 0.18515625 0.02109375 0.12265625
6 0.33984375 0.2984375 0.0421875 0.12421875
1 0.71328125 0.3609375 0.02265625 0.11875
6 0.290625 0.371875 0.03984375 0.10703125
2 0.42109375 0.378125 0.02265625 0.13125
2 0.5421875 0.43671875 0.02578125 0.07734375
2 0.5421875 0.525 0.02578125 0.13125
3 0.11328125 0.55625 0.02890625 0.14375
1 0.9015625 0.578125 0.025 0.13984375
0 0.28125 0.57890625 0.03125 0.065625
6 0.06015625 0.6328125 0.03125 0.128125
6 0.209375 0.69765625 0.04609375 0.103125
2 0.29140625 0.69921875 0.02265625 0.1109375
1 0.52890625 0.70859375 0.02421875 0.14609375