1 0.51484375 0.1046875 0.01796875 0.08984375
6 0.60703125 0.10625 0.02578125 0.07890625
2 0.56015625 0.2625 0.02734375 0.09375
1 0.31875 0.27578125 0.0171875 0.09296875
6 0.74296875 0.32578125 0.02734375 0.05390625
2 0.44296875 0.34921875 0.01875 0.07890625
3 0.73125 0.37734375 0.021875 0.10234375
0 0.59921875 0.4 0.0296875 0.071875
2 0.43984375 0.4359375 0.02421875 0.075
6 0.63203125 0.5109375 0.03828125 0.06796875
2 0.56328125 0.5375 0.0296875 0.07578125
1 0.178125 0.596875 0.0328125 0.11171875
6 0.63984375 0.66171875 0.034375 0.1046875
1 0.32578125 0.840625 0.02890625 0.128125
6 0.6515625 0.87890625 0.0390625 0.1203125