6 0.63203125 0.23984375 0.025 0.12109375
2 0.528125 0.35078125 0.03125 0.1046875
6 0.6390625 0.35390625 0.053125 0.046875
1 0.3296875 0.35859375 0.028125 0.134375
2 0.50546875 0.3734375 0.0359375 0.11328125
6 0.6328125 0.3953125 0.04609375 0.04296875
6 0.93203125 0.4828125 0.03984375 0.12734375
3 0.6734375 0.503125 0.03515625 0.07734375
2 0.43671875 0.51796875 0.02421875 0.1390625
0 0.6296875 0.53203125 0.040625 0.10390625
1 0.07265625 0.58515625 0.021875 0.15390625
1 0.45859375 0.63671875 0.034375 0.159375
1 0.5796875 0.684375 0.02109375 0.15390625
6 0.70234375 0.69296875 0.053125 0.09296875
2 0.6234375 0.71015625 0.0328125 0.11484375