6 0.37109375 0.2703125 0.02890625 0.0609375
1 0.51953125 0.275 0.02265625 0.07734375
6 0.3890625 0.33515625 0.025 0.07578125
1 0.44609375 0.33984375 0.02109375 0.078125
1 0.790625 0.38515625 0.021875 0.090625
6 0.234375 0.4421875 0.028125 0.05390625
2 0.41640625 0.48203125 0.021875 0.07890625
3 0.2265625 0.521875 0.03125 0.096875
0 0.36171875 0.55546875 0.03203125 0.07734375
2 0.40703125 0.60625 0.03671875 0.096875
1 0.8578125 0.66328125 0.021875 0.096875
6 0.2734375 0.6703125 0.02265625 0.075
2 0.4796875 0.68671875 0.025 0.0890625
6 0.30703125 0.71484375 0.02578125 0.08125
1 0.36875 0.75625 0.02421875 0.08671875