6 0.56171875 0.11015625 0.02421875 0.0546875
1 0.5109375 0.11796875 0.02109375 0.065625
2 0.5328125 0.19296875 0.025 0.06015625
6 0.709375 0.21015625 0.01875 0.03984375
3 0.7109375 0.26171875 0.02109375 0.08515625
0 0.61171875 0.28984375 0.025 0.05078125
2 0.46484375 0.2953125 0.02265625 0.08515625
1 0.2296875 0.30546875 0.015625 0.08125
2 0.49453125 0.43125 0.025 0.07734375
6 0.6875 0.4671875 0.02890625 0.07421875
1 0.40234375 0.5625 0.01875 0.0859375
6 0.7578125 0.578125 0.02734375 0.07890625
2 0.5890625 0.62734375 0.02578125 0.08984375
6 0.80625 0.73828125 0.03671875 0.10078125
1 0.48046875 0.790625 0.034375 0.07890625