6 0.534375 0.16171875 0.03203125 0.06484375
1 0.31953125 0.20390625 0.0328125 0.0796875
6 0.62109375 0.3546875 0.02890625 0.06796875
1 0.55078125 0.37421875 0.025 0.071875
2 0.58125 0.47734375 0.0328125 0.0703125
3 0.7890625 0.546875 0.02578125 0.07734375
2 0.48984375 0.559375 0.025 0.090625
0 0.66328125 0.59921875 0.028125 0.06171875
1 0.08515625 0.60078125 0.02421875 0.0828125
6 0.815625 0.6046875 0.02578125 0.08984375
2 0.51796875 0.63515625 0.025 0.078125
6 0.7171875 0.70625 0.03203125 0.065625
2 0.6625 0.73515625 0.02265625 0.08984375
6 0.75234375 0.75078125 0.02734375 0.059375
1 0.5671875 0.79921875 0.02734375 0.09765625