6 0.5328125 0.1359375 0.01796875 0.0609375
1 0.7765625 0.17109375 0.02734375 0.08515625
6 0.471875 0.20625 0.02890625 0.08203125
2 0.5953125 0.22890625 0.02890625 0.084375
1 0.8984375 0.2859375 0.03203125 0.1109375
3 0.253125 0.3234375 0.02421875 0.12890625
2 0.6234375 0.34609375 0.03203125 0.1046875
6 0.21875 0.3625 0.03203125 0.11484375
0 0.40625 0.37109375 0.028125 0.06796875
2 0.5921875 0.41328125 0.040625 0.1046875
1 0.484375 0.584375 0.02890625 0.12734375
1 0.8734375 0.63671875 0.034375 0.1328125
6 0.2078125 0.665625 0.04609375 0.14921875
6 0.10390625 0.6953125 0.0546875 0.13515625
1 0.4296875 0.746875 0.04296875 0.12578125