6 0.76328125 0.12265625 0.02578125 0.07265625
1 0.3609375 0.18984375 0.015625 0.07734375
2 0.54375 0.31171875 0.0171875 0.07265625
6 0.80078125 0.3640625 0.02109375 0.071875
0 0.66171875 0.3875 0.02890625 0.0453125
3 0.7671875 0.4046875 0.0203125 0.0921875
2 0.46953125 0.45 0.0171875 0.07734375
1 0.23046875 0.4875 0.02109375 0.078125
6 0.609375 0.578125 0.02421875 0.08125
2 0.4109375 0.60234375 0.02265625 0.08125
6 0.603125 0.7078125 0.02734375 0.08984375
1 0.62890625 0.08125 0.01796875 0.06328125
6 0.32265625 0.825 0.03203125 0.07890625
6 0.54453125 0.8671875 0.0328125 0.08984375