1 0.51796875 0.1078125 0.0203125 0.1109375
1 0.36640625 0.13359375 0.0203125 0.06015625
6 0.27578125 0.13671875 0.0328125 0.0859375
6 0.296875 0.1671875 0.034375 0.0921875
1 0.73515625 0.21875 0.015625 0.11796875
6 0.21875 0.24609375 0.02890625 0.07890625
2 0.51171875 0.28515625 0.02109375 0.09296875
6 0.15390625 0.31484375 0.025 0.10390625
3 0.12421875 0.3890625 0.02890625 0.115625
2 0.37578125 0.40234375 0.03125 0.125
0 0.2953125 0.41796875 0.0296875 0.07421875
1 0.7609375 0.559375 0.01796875 0.12890625
1 0.32421875 0.8515625 0.025 0.12578125
6 0.228125 0.85703125 0.0390625 0.1109375