1 0.48828125 0.21953125 0.02421875 0.11484375
2 0.5421875 0.2484375 0.03671875 0.08671875
6 0.63671875 0.29921875 0.03984375 0.046875
6 0.628125 0.33671875 0.04609375 0.04921875
1 0.06796875 0.371875 0.02421875 0.115625
2 0.4046875 0.403125 0.0328125 0.109375
3 0.62578125 0.465625 0.03828125 0.09765625
0 0.57734375 0.475 0.03125 0.08828125
6 0.896875 0.490625 0.03984375 0.134375
2 0.3796875 0.52421875 0.0359375 0.1421875
1 0.2921875 0.63125 0.028125 0.12265625
6 0.58984375 0.6421875 0.03828125 0.10078125
6 0.63828125 0.64375 0.03671875 0.134375
2 0.49765625 0.6625 0.04296875 0.13203125
1 0.3203125 0.8015625 0.03828125 0.14921875