1 0.63359375 0.16953125 0.0203125 0.0890625
6 0.71484375 0.18125 0.0296875 0.07734375
1 0.5546875 0.20234375 0.015625 0.096875
6 0.6796875 0.2203125 0.02734375 0.08515625
2 0.6375 0.32890625 0.02890625 0.07421875
2 0.51328125 0.3765625 0.02578125 0.1
6 0.8171875 0.40078125 0.0203125 0.07890625
1 0.13984375 0.40546875 0.0171875 0.09765625
3 0.81484375 0.4546875 0.02109375 0.08515625
0 0.67421875 0.475 0.02734375 0.065625
2 0.5203125 0.49921875 0.02578125 0.1109375
2 0.82421875 0.54765625 0.02578125 0.08515625
2 0.6328125 0.6078125 0.028125 0.11171875
6 0.68671875 0.79609375 0.0453125 0.08671875
1 0.63203125 0.803125 0.02890625 0.09296875