2 0.5171875 0.15078125 0.01796875 0.084375
6 0.63671875 0.159375 0.028125 0.0671875
6 0.6296875 0.25859375 0.0203125 0.06328125
2 0.553125 0.31328125 0.025 0.075
1 0.2890625 0.32421875 0.015625 0.07421875
3 0.78828125 0.40625 0.01796875 0.07265625
2 0.509375 0.43125 0.02109375 0.07265625
3 0.77734375 0.44609375 0.0203125 0.08125
0 0.65703125 0.4703125 0.0296875 0.06015625
2 0.53515625 0.61640625 0.0203125 0.0890625
2 0.6328125 0.63203125 0.021875 0.07421875
6 0.71875 0.6390625 0.02890625 0.07890625
1 0.31640625 0.6453125 0.02421875 0.08515625
6 0.715625 0.81328125 0.02890625 0.08515625
1 0.66171875 0.821875 0.025 0.08515625