6 0.58984375 0.2125 0.028125 0.075
1 0.39921875 0.2203125 0.021875 0.0703125
6 0.60546875 0.31328125 0.034375 0.07265625
2 0.45625 0.353125 0.025 0.09609375
1 0.2296875 0.3796875 0.02109375 0.084375
6 0.7484375 0.428125 0.01875 0.0828125
3 0.8046875 0.44296875 0.0203125 0.090625
2 0.51015625 0.4671875 0.0296875 0.07265625
0 0.67265625 0.48515625 0.028125 0.05078125
6 0.8390625 0.4984375 0.02734375 0.0953125
2 0.571875 0.5453125 0.025 0.08828125
1 0.37109375 0.61015625 0.02421875 0.09296875
6 0.7765625 0.69296875 0.03828125 0.10390625
1 0.5484375 0.734375 0.02578125 0.109375