1 0.19375 0.16015625 0.03203125 0.103125
6 0.11171875 0.1671875 0.02734375 0.09375
2 0.32578125 0.20390625 0.02890625 0.10625
6 0.19296875 0.25234375 0.02265625 0.084375
1 0.38828125 0.27578125 0.02265625 0.09765625
6 0.28125 0.3078125 0.03125 0.10625
2 0.39765625 0.37265625 0.021875 0.0921875
2 0.56484375 0.471875 0.02734375 0.07109375
2 0.64921875 0.51015625 0.0296875 0.11484375
0 0.4578125 0.51171875 0.0421875 0.0546875
3 0.32890625 0.5546875 0.0203125 0.125
2 0.62265625 0.61015625 0.046875 0.10234375
6 0.346875 0.646875 0.03671875 0.10234375
1 0.7609375 0.759375 0.03671875 0.10625
6 0.67421875 0.79765625 0.03828125 0.1328125