6 0.553125 0.1328125 0.03203125 0.1171875
1 0.42265625 0.13515625 0.0296875 0.09609375
1 0.44140625 0.19921875 0.03671875 0.075
1 0.1515625 0.234375 0.02578125 0.1078125
6 0.56484375 0.24765625 0.0390625 0.09296875
2 0.34921875 0.25625 0.0328125 0.10234375
2 0.45859375 0.26171875 0.0328125 0.08515625
2 0.79375 0.36484375 0.0359375 0.12109375
3 0.559375 0.37578125 0.03671875 0.07890625
0 0.5171875 0.390625 0.03515625 0.07265625
2 0.3578125 0.39921875 0.02734375 0.13125
2 0.4796875 0.55859375 0.0359375 0.125
6 0.60078125 0.88046875 0.0578125 0.11328125
1 0.515625 0.8984375 0.040625 0.12734375