1 0.40390625 0.21796875 0.02421875 0.07578125
6 0.6671875 0.27734375 0.02890625 0.059375
6 0.63203125 0.30078125 0.02890625 0.07890625
1 0.56328125 0.3015625 0.015625 0.08515625
6 0.6734375 0.3546875 0.02734375 0.08828125
1 0.32265625 0.3546875 0.02421875 0.08828125
2 0.4859375 0.37421875 0.01796875 0.06328125
6 0.75859375 0.38671875 0.02265625 0.06171875
3 0.76171875 0.43671875 0.02578125 0.09765625
2 0.4796875 0.4453125 0.02109375 0.08203125
0 0.634375 0.45703125 0.03203125 0.06328125
1 0.32265625 0.55625 0.02421875 0.08515625
6 0.6578125 0.6671875 0.0328125 0.09296875
1 0.44765625 0.68671875 0.0296875 0.0859375