1 0.5046875 0.1328125 0.0140625 0.0859375
6 0.39140625 0.15234375 0.028125 0.07890625
6 0.34375 0.259375 0.03203125 0.0890625
1 0.56484375 0.27890625 0.02578125 0.09765625
6 0.315625 0.340625 0.025 0.08515625
1 0.86328125 0.43046875 0.02109375 0.10078125
2 0.490625 0.46484375 0.02265625 0.09296875
3 0.16171875 0.53828125 0.02109375 0.09609375
2 0.44765625 0.55078125 0.021875 0.090625
0 0.28984375 0.57421875 0.03203125 0.059375
6 0.134375 0.6046875 0.02421875 0.1109375
1 0.61796875 0.6765625 0.01796875 0.11328125
6 0.23671875 0.69296875 0.025 0.06328125
1 0.28984375 0.753125 0.02421875 0.1109375