1 0.55 0.18984375 0.04296875 0.16171875
2 0.42421875 0.19765625 0.0359375 0.1421875
2 0.6703125 0.31328125 0.05703125 0.17421875
6 0.353125 0.32421875 0.06328125 0.1078125
6 0.39765625 0.346875 0.0546875 0.07734375
2 0.7828125 0.46796875 0.04765625 0.1671875
0 0.50078125 0.48046875 0.06328125 0.07734375
3 0.4484375 0.4953125 0.05703125 0.153125
6 0.309375 0.54921875 0.06171875 0.1296875
6 0.2109375 0.5546875 0.0640625 0.1703125
6 0.53671875 0.6625 0.053125 0.12109375
1 0.7171875 0.68515625 0.04921875 0.19296875