6 0.4328125 0.26171875 0.034375 0.084375
1 0.48125 0.2828125 0.025 0.07890625
6 0.453125 0.3265625 0.028125 0.065625
6 0.290625 0.365625 0.021875 0.0796875
2 0.49296875 0.40234375 0.025 0.10078125
3 0.26015625 0.40390625 0.02890625 0.0953125
0 0.39765625 0.434375 0.02578125 0.0578125
1 0.8546875 0.46953125 0.02265625 0.10625
6 0.3140625 0.5171875 0.02578125 0.10078125
2 0.39921875 0.5390625 0.02578125 0.090625
1 0.621875 0.57578125 0.01875 0.1
6 0.3296875 0.6421875 0.02578125 0.10234375
1 0.38984375 0.66796875 0.02734375 0.090625
6 0.27578125 0.71796875 0.0390625 0.09296875
1 0.5171875 0.76875 0.02890625 0.0890625