6 0.52421875 0.2078125 0.02734375 0.084375
1 0.3265625 0.221875 0.01484375 0.0828125
6 0.5453125 0.30625 0.034375 0.08828125
1 0.41171875 0.3421875 0.0203125 0.0921875
1 0.25390625 0.371875 0.028125 0.0828125
6 0.61484375 0.44140625 0.02734375 0.06171875
6 0.6015625 0.45234375 0.0296875 0.04765625
2 0.478125 0.47734375 0.02265625 0.084375
3 0.72265625 0.53125 0.02109375 0.084375
0 0.60078125 0.56484375 0.0296875 0.059375
6 0.765625 0.58046875 0.02421875 0.08984375
2 0.50625 0.61484375 0.02421875 0.08125
1 0.36484375 0.71015625 0.02734375 0.096875
6 0.66171875 0.75 0.0296875 0.090625
1 0.57734375 0.778125 0.02578125 0.1046875