6 0.41015625 0.2328125 0.025 0.0859375
6 0.4296875 0.2390625 0.0296875 0.090625
1 0.521875 0.26640625 0.02109375 0.07734375
1 0.6703125 0.2828125 0.02734375 0.10078125
2 0.44765625 0.36171875 0.02890625 0.096875
6 0.2203125 0.4 0.02578125 0.10703125
3 0.184375 0.44375 0.015625 0.12734375
1 0.88046875 0.45703125 0.02578125 0.1296875
2 0.51484375 0.48671875 0.028125 0.09375
0 0.3328125 0.503125 0.02890625 0.078125
6 0.2328125 0.61484375 0.03671875 0.11171875
2 0.4578125 0.640625 0.025 0.11484375
6 0.19375 0.7328125 0.03203125 0.09765625
1 0.76484375 0.73828125 0.02734375 0.1140625
2 0.2515625 0.76484375 0.03828125 0.11875