6 0.70625 0.096875 0.01484375 0.090625
1 0.49921875 0.1078125 0.02109375 0.05390625
1 0.49375 0.25234375 0.0203125 0.08828125
6 0.7234375 0.2578125 0.0296875 0.0828125
1 0.2546875 0.29609375 0.01796875 0.09921875
6 0.7015625 0.34453125 0.028125 0.08515625
2 0.5296875 0.40703125 0.01796875 0.0890625
2 0.659375 0.41875 0.03203125 0.06328125
3 0.83515625 0.5265625 0.02578125 0.109375
0 0.7 0.534375 0.025 0.06328125
2 0.559375 0.590625 0.02109375 0.07734375
1 0.2515625 0.63203125 0.0171875 0.08828125
6 0.7515625 0.64453125 0.04296875 0.09921875
6 0.7203125 0.859375 0.028125 0.0859375
1 0.48125 0.8796875 0.02734375 0.09765625