1 0.67578125 0.13671875 0.02265625 0.07265625
6 0.87265625 0.2078125 0.03671875 0.0953125
1 0.17734375 0.34921875 0.02421875 0.07421875
1 0.64453125 0.3515625 0.02265625 0.09765625
6 0.8203125 0.3734375 0.02890625 0.090625
2 0.67734375 0.4203125 0.0359375 0.04296875
6 0.7609375 0.45859375 0.034375 0.09765625
2 0.67265625 0.47578125 0.0390625 0.06484375
2 0.509375 0.55078125 0.028125 0.10078125
0 0.68046875 0.6046875 0.02734375 0.0453125
3 0.81328125 0.634375 0.025 0.11484375
6 0.66484375 0.69140625 0.02734375 0.0953125
6 0.79140625 0.71171875 0.02578125 0.1171875
2 0.57109375 0.74140625 0.0359375 0.1171875
6 0.62578125 0.75625 0.0359375 0.115625
1 0.3296875 0.77734375 0.025 0.11796875