6 0.79765625 0.1828125 0.015625 0.07109375
1 0.44375 0.18828125 0.015625 0.053125
6 0.78203125 0.25234375 0.02578125 0.07578125
1 0.534375 0.2546875 0.0203125 0.06171875
6 0.8 0.32578125 0.02265625 0.0703125
2 0.68828125 0.359375 0.01484375 0.0796875
2 0.60234375 0.4796875 0.02265625 0.071875
1 0.3703125 0.5546875 0.01796875 0.0859375
0 0.69765625 0.56171875 0.0296875 0.059375
3 0.821875 0.56640625 0.02265625 0.0890625
2 0.540625 0.6203125 0.02265625 0.08828125
2 0.6078125 0.63515625 0.02578125 0.0640625
1 0.39921875 0.759375 0.02734375 0.07421875
6 0.671875 0.7875 0.02734375 0.06875
6 0.68203125 0.8515625 0.03984375 0.096875