6 0.5109375 0.190625 0.028125 0.07578125
1 0.778125 0.209375 0.02421875 0.07734375
6 0.48984375 0.27578125 0.0171875 0.06484375
2 0.70859375 0.28828125 0.02265625 0.0921875
3 0.340625 0.3 0.025 0.09375
2 0.65234375 0.328125 0.028125 0.09375
0 0.453125 0.34375 0.03203125 0.05625
6 0.30234375 0.36015625 0.02890625 0.096875
2 0.625 0.3953125 0.03203125 0.090625
6 0.29453125 0.51875 0.0328125 0.096875
1 0.5078125 0.55546875 0.028125 0.115625
1 0.76171875 0.5703125 0.02421875 0.109375
6 0.18515625 0.72265625 0.03984375 0.1109375
1 0.31171875 0.75859375 0.0296875 0.12109375