1 0.32265625 0.2265625 0.021875 0.09296875
6 0.62578125 0.228125 0.040625 0.0953125
1 0.553125 0.29765625 0.021875 0.07578125
6 0.64453125 0.3265625 0.03984375 0.065625
6 0.6265625 0.36796875 0.04375 0.046875
1 0.2578125 0.3953125 0.02265625 0.10390625
2 0.43203125 0.4125 0.02734375 0.0890625
3 0.6609375 0.490625 0.04375 0.06015625
6 0.88125 0.4921875 0.02890625 0.12109375
0 0.6203125 0.50546875 0.0359375 0.065625
2 0.4296875 0.53359375 0.02421875 0.09296875
2 0.5921875 0.62734375 0.03828125 0.07421875
2 0.54765625 0.6625 0.02421875 0.1171875
6 0.6953125 0.75390625 0.0453125 0.09609375
1 0.6078125 0.771875 0.028125 0.1