1 0.28984375 0.25703125 0.03515625 0.09375
6 0.60078125 0.30078125 0.02578125 0.078125
6 0.65 0.346875 0.04296875 0.05078125
1 0.45078125 0.3484375 0.02890625 0.11328125
6 0.89921875 0.45390625 0.03515625 0.090625
1 0.17109375 0.46875 0.02421875 0.115625
3 0.678125 0.46875 0.02734375 0.05390625
6 0.77578125 0.4734375 0.034375 0.11875
2 0.45625 0.49375 0.025 0.121875
0 0.64453125 0.4953125 0.03984375 0.09765625
2 0.48828125 0.590625 0.028125 0.1109375
2 0.49765625 0.69921875 0.02578125 0.1359375
6 0.76953125 0.79453125 0.0390625 0.1046875
1 0.68828125 0.8375 0.0359375 0.115625