1 0.5625 0.171875 0.02265625 0.10234375
6 0.25859375 0.21875 0.034375 0.11171875
2 0.365625 0.2984375 0.03203125 0.09296875
1 0.63125 0.32265625 0.02421875 0.09765625
6 0.290625 0.334375 0.04921875 0.0421875
3 0.284375 0.44609375 0.0359375 0.0796875
2 0.52578125 0.46484375 0.03203125 0.11015625
0 0.33125 0.46484375 0.0359375 0.07578125
6 0.06171875 0.48125 0.03515625 0.0859375
1 0.87421875 0.5828125 0.0296875 0.1390625
6 0.3421875 0.68359375 0.04609375 0.121875
2 0.42421875 0.74375 0.02890625 0.11171875
6 0.284375 0.75234375 0.03125 0.096875
1 0.62890625 0.85625 0.02578125 0.12109375