6 0.58359375 0.16171875 0.02265625 0.0828125
1 0.49921875 0.18125 0.02421875 0.07265625
6 0.62265625 0.271875 0.02578125 0.07578125
1 0.49453125 0.31171875 0.01484375 0.0859375
6 0.59921875 0.3328125 0.0296875 0.0859375
1 0.278125 0.378125 0.01875 0.071875
2 0.4859375 0.428125 0.0171875 0.1
6 0.76328125 0.48046875 0.015625 0.06015625
2 0.49375 0.5296875 0.021875 0.06484375
3 0.7640625 0.56015625 0.0203125 0.09765625
0 0.634375 0.58671875 0.0296875 0.07734375
2 0.53046875 0.61953125 0.02109375 0.11171875
1 0.29375 0.659375 0.01796875 0.096875
1 0.57421875 0.77421875 0.028125 0.06484375
6 0.678125 0.77734375 0.0359375 0.090625