6 0.325 0.17578125 0.03203125 0.0796875
1 0.390625 0.17734375 0.0203125 0.07890625
1 0.48828125 0.27109375 0.02890625 0.0828125
1 0.7078125 0.28984375 0.02109375 0.0859375
6 0.2859375 0.303125 0.02890625 0.08203125
3 0.2015625 0.42734375 0.021875 0.11015625
0 0.334375 0.4421875 0.02890625 0.07421875
2 0.4765625 0.496875 0.02734375 0.09921875
6 0.27578125 0.55 0.021875 0.0859375
6 0.31171875 0.596875 0.03203125 0.0953125
1 0.85234375 0.61015625 0.02578125 0.1078125
2 0.484375 0.621875 0.03515625 0.096875
6 0.27265625 0.7078125 0.0359375 0.09296875
1 0.37890625 0.721875 0.03125 0.09296875