1 0.63515625 0.10546875 0.021875 0.0859375
1 0.56171875 0.11875 0.02734375 0.06484375
1 0.56484375 0.3171875 0.02734375 0.06796875
2 0.52578125 0.33671875 0.02578125 0.06484375
6 0.63046875 0.34296875 0.0296875 0.0328125
6 0.62421875 0.375 0.0421875 0.0421875
1 0.1296875 0.41875 0.01796875 0.0953125
2 0.47578125 0.42578125 0.02421875 0.07265625
6 0.821875 0.4703125 0.028125 0.0953125
3 0.63203125 0.4765625 0.02734375 0.090625
0 0.596875 0.48515625 0.03203125 0.06875
2 0.453125 0.53515625 0.02265625 0.10703125
6 0.5984375 0.90078125 0.046875 0.1046875
1 0.52890625 0.915625 0.03984375 0.1046875