6 0.29140625 0.121875 0.02890625 0.071875
1 0.62421875 0.23671875 0.01875 0.08125
2 0.46640625 0.3359375 0.0203125 0.0828125
3 0.3125 0.36171875 0.02265625 0.05078125
6 0.13125 0.375 0.015625 0.08984375
0 0.34375 0.37578125 0.02421875 0.06796875
2 0.4875 0.39609375 0.02421875 0.08828125
1 0.7421875 0.4421875 0.02265625 0.08671875
6 0.29921875 0.46015625 0.01875 0.0828125
1 0.5046875 0.56484375 0.015625 0.103125
6 0.32890625 0.596875 0.015625 0.1
1 0.6015625 0.78671875 0.0328125 0.0828125
6 0.37734375 0.82890625 0.03984375 0.0953125
1 0.51328125 0.08984375 0.021875 0.06796875