1 0.628125 0.19375 0.021875 0.07265625
1 0.6828125 0.25390625 0.02421875 0.0859375
6 0.7546875 0.2859375 0.025 0.075
2 0.7109375 0.29921875 0.03203125 0.075
6 0.80234375 0.33828125 0.028125 0.07578125
2 0.565625 0.346875 0.02890625 0.07890625
0 0.70234375 0.409375 0.03671875 0.05390625
1 0.334375 0.41015625 0.02109375 0.0890625
3 0.821875 0.4296875 0.02109375 0.09375
2 0.53828125 0.43984375 0.03125 0.0890625
6 0.80625 0.4984375 0.02578125 0.08671875
1 0.45078125 0.58125 0.028125 0.0953125
6 0.61875 0.60078125 0.02421875 0.0953125
1 0.403125 0.83046875 0.028125 0.08671875
6 0.50859375 0.85234375 0.034375 0.096875