1 0.38046875 0.19140625 0.0203125 0.1078125
6 0.6328125 0.2125 0.028125 0.0796875
6 0.6 0.23984375 0.02578125 0.09375
1 0.4375 0.29921875 0.01484375 0.11015625
1 0.228125 0.3640625 0.01796875 0.09765625
6 0.6734375 0.384375 0.028125 0.09609375
6 0.79140625 0.39296875 0.03203125 0.06171875
2 0.58515625 0.428125 0.03984375 0.0546875
3 0.775 0.46796875 0.01796875 0.1140625
0 0.63359375 0.490625 0.03203125 0.0546875
2 0.46640625 0.52265625 0.021875 0.11015625
6 0.6640625 0.58984375 0.02890625 0.06484375
1 0.22734375 0.60703125 0.02578125 0.11015625
2 0.59375 0.63125 0.034375 0.090625
6 0.68515625 0.77265625 0.034375 0.11875
1 0.396875 0.790625 0.01875 0.109375