6 0.41875 0.1171875 0.02890625 0.075
1 0.559375 0.12265625 0.01796875 0.08203125
1 0.715625 0.2359375 0.0203125 0.07734375
2 0.459375 0.27578125 0.0328125 0.0546875
6 0.315625 0.32578125 0.021875 0.08828125
2 0.53359375 0.35234375 0.02421875 0.0796875
6 0.22265625 0.37890625 0.02890625 0.0796875
3 0.384375 0.37890625 0.02890625 0.0453125
0 0.4125 0.40234375 0.02734375 0.06015625
2 0.56640625 0.4421875 0.021875 0.0921875
6 0.384375 0.5046875 0.0296875 0.06015625
2 0.43984375 0.52421875 0.0328125 0.07890625
1 0.878125 0.6203125 0.01796875 0.0828125
1 0.646875 0.82734375 0.0171875 0.0953125
6 0.2984375 0.87421875 0.0359375 0.0953125