6 0.54765625 0.2765625 0.040625 0.103125
1 0.2265625 0.28046875 0.02421875 0.12734375
6 0.51953125 0.33046875 0.0453125 0.1109375
2 0.365625 0.39921875 0.0296875 0.134375
6 0.8921875 0.43671875 0.0296875 0.11875
3 0.640625 0.4828125 0.0390625 0.0671875
6 0.75703125 0.49375 0.03671875 0.0890625
0 0.60234375 0.521875 0.040625 0.08203125
2 0.39609375 0.52265625 0.02890625 0.128125
1 0.053125 0.615625 0.0203125 0.16171875
2 0.440625 0.634375 0.02890625 0.12421875
1 0.51875 0.6796875 0.02421875 0.13984375
1 0.63828125 0.7890625 0.0296875 0.1328125