1 0.590625 0.134375 0.02265625 0.0640625
6 0.77734375 0.1609375 0.02421875 0.07734375
1 0.6671875 0.2703125 0.025 0.071875
6 0.73828125 0.296875 0.03203125 0.0796875
1 0.32265625 0.409375 0.021875 0.0859375
2 0.54296875 0.409375 0.02109375 0.0859375
6 0.74140625 0.4421875 0.01796875 0.05234375
0 0.6203125 0.4578125 0.02734375 0.0421875
3 0.73671875 0.4859375 0.015625 0.08515625
2 0.48984375 0.4890625 0.02890625 0.07890625
1 0.41328125 0.63203125 0.02578125 0.0796875
6 0.54921875 0.6640625 0.02578125 0.0828125
1 0.215625 0.803125 0.028125 0.08515625
6 0.4203125 0.884375 0.034375 0.1140625