1 0.6796875 0.1359375 0.0171875 0.11171875
6 0.47578125 0.165625 0.03828125 0.0953125
6 0.403125 0.20234375 0.0390625 0.02890625
6 0.40859375 0.23984375 0.028125 0.059375
1 0.74921875 0.2578125 0.025 0.10390625
6 0.28125 0.26875 0.021875 0.109375
2 0.515625 0.28984375 0.028125 0.0953125
3 0.25703125 0.321875 0.01796875 0.11015625
0 0.39765625 0.3640625 0.034375 0.078125
2 0.5078125 0.39609375 0.0328125 0.109375
6 0.3 0.67421875 0.0328125 0.096875
1 0.4171875 0.678125 0.025 0.11875
6 0.2578125 0.70859375 0.03984375 0.09921875
1 0.81875 0.721875 0.021875 0.1109375
1 0.5203125 0.8203125 0.02578125 0.11484375