6 0.50625 0.10859375 0.02734375 0.0859375
1 0.25234375 0.14453125 0.0328125 0.08671875
2 0.4359375 0.3703125 0.01875 0.1
6 0.80234375 0.37109375 0.02578125 0.08828125
3 0.653125 0.409375 0.02734375 0.05625
0 0.6296875 0.434375 0.03515625 0.059375
2 0.471875 0.484375 0.025 0.109375
6 0.68671875 0.54921875 0.034375 0.0578125
2 0.50234375 0.5671875 0.02578125 0.109375
6 0.71875 0.590625 0.02890625 0.07734375
1 0.546875 0.67109375 0.02578125 0.1109375
6 0.8078125 0.7265625 0.0359375 0.09765625
1 0.33359375 0.76328125 0.025 0.1046875
1 0.578125 0.8328125 0.028125 0.103125