1 0.65 0.13203125 0.02265625 0.08671875
6 0.81484375 0.17265625 0.028125 0.08515625
1 0.4359375 0.2625 0.02421875 0.10234375
1 0.6390625 0.33671875 0.01796875 0.0828125
2 0.63203125 0.3796875 0.02890625 0.07265625
2 0.49609375 0.4453125 0.01875 0.07109375
6 0.78515625 0.5109375 0.02421875 0.0921875
0 0.62265625 0.51875 0.0296875 0.05390625
2 0.4546875 0.5453125 0.015625 0.07421875
3 0.76171875 0.5625 0.021875 0.1171875
6 0.590625 0.62578125 0.025 0.0703125
6 0.6078125 0.65546875 0.028125 0.10078125
2 0.48515625 0.6671875 0.025 0.07734375
1 0.31484375 0.71015625 0.02421875 0.07265625
6 0.565625 0.83125 0.0359375 0.1109375