6 0.56796875 0.12265625 0.02578125 0.0703125
1 0.5140625 0.12421875 0.02265625 0.0671875
6 0.59921875 0.228125 0.02265625 0.06484375
1 0.4953125 0.2296875 0.0203125 0.07265625
1 0.26015625 0.265625 0.0171875 0.07890625
6 0.5828125 0.378125 0.0328125 0.040625
2 0.4640625 0.44921875 0.01875 0.071875
3 0.6984375 0.47265625 0.0140625 0.07265625
0 0.57734375 0.490625 0.02578125 0.05625
2 0.45859375 0.53671875 0.01875 0.090625
6 0.71875 0.5375 0.02421875 0.078125
1 0.2359375 0.6359375 0.0171875 0.090625
6 0.65078125 0.85703125 0.0328125 0.10078125
1 0.4703125 0.8640625 0.02578125 0.09375