1 0.63125 0.17578125 0.0390625 0.103125
6 0.3171875 0.23046875 0.04765625 0.115625
6 0.353125 0.27734375 0.03203125 0.1109375
1 0.8859375 0.28359375 0.034375 0.10625
2 0.48203125 0.3421875 0.03828125 0.11015625
2 0.55546875 0.515625 0.040625 0.09609375
3 0.16015625 0.56015625 0.03515625 0.13671875
2 0.06015625 0.57734375 0.04296875 0.13125
0 0.35625 0.58515625 0.0296875 0.07421875
2 0.5578125 0.6359375 0.03984375 0.1359375
1 0.853125 0.66171875 0.03125 0.12421875
6 0.29375 0.753125 0.04765625 0.10703125
1 0.5421875 0.7734375 0.03125 0.1359375