1 0.59296875 0.10078125 0.02734375 0.08515625
6 0.43828125 0.23046875 0.02734375 0.09296875
1 0.6703125 0.28515625 0.0203125 0.090625
6 0.3984375 0.325 0.02421875 0.08125
2 0.54921875 0.42578125 0.02578125 0.08984375
1 0.81953125 0.43984375 0.01875 0.1078125
3 0.2203125 0.45 0.028125 0.1109375
0 0.3578125 0.4921875 0.02890625 0.059375
2 0.43046875 0.628125 0.028125 0.09765625
6 0.2265625 0.64765625 0.03203125 0.096875
1 0.5578125 0.73515625 0.02734375 0.090625
6 0.16796875 0.809375 0.03515625 0.09375
1 0.2421875 0.8328125 0.03203125 0.1078125
6 0.5328125 0.08984375 0.02109375 0.08828125