1 0.33984375 0.25859375 0.02734375 0.06875
6 0.28359375 0.26015625 0.0296875 0.0828125
2 0.43515625 0.29921875 0.02421875 0.0796875
1 0.66640625 0.35546875 0.025 0.0921875
6 0.19921875 0.390625 0.025 0.06875
0 0.34609375 0.44140625 0.0296875 0.05703125
3 0.203125 0.45625 0.028125 0.09921875
2 0.48828125 0.5109375 0.02578125 0.0859375
1 0.6546875 0.56640625 0.02421875 0.09765625
6 0.315625 0.5796875 0.0328125 0.08671875
6 0.36328125 0.603125 0.034375 0.096875
2 0.4296875 0.61328125 0.02109375 0.090625
6 0.33671875 0.709375 0.034375 0.096875
1 0.51328125 0.7203125 0.02578125 0.10390625