1 0.484375 0.1546875 0.02265625 0.084375
6 0.275 0.16953125 0.02421875 0.05390625
2 0.3421875 0.20078125 0.0328125 0.04921875
6 0.14453125 0.2234375 0.021875 0.06875
1 0.6203125 0.24921875 0.02421875 0.08203125
3 0.140625 0.28984375 0.02265625 0.0890625
0 0.290625 0.31484375 0.028125 0.06796875
1 0.72421875 0.4875 0.0203125 0.12578125
2 0.45078125 0.50625 0.028125 0.1
6 0.24765625 0.509375 0.021875 0.090625
6 0.23046875 0.59296875 0.03828125 0.0890625
1 0.328125 0.61875 0.028125 0.0953125
6 0.265625 0.81875 0.0390625 0.1140625
1 0.37421875 0.83515625 0.02265625 0.1109375