1 0.596875 0.253125 0.01328125 0.04765625
6 0.66171875 0.259375 0.0171875 0.05234375
1 0.428125 0.32578125 0.01796875 0.0546875
2 0.5953125 0.32734375 0.015625 0.04921875
2 0.52890625 0.3875 0.0140625 0.05234375
6 0.7453125 0.4015625 0.01796875 0.07265625
0 0.6265625 0.42265625 0.015625 0.046875
3 0.71640625 0.42734375 0.01484375 0.07265625
2 0.54921875 0.4453125 0.0171875 0.05703125
6 0.69453125 0.45703125 0.0140625 0.04765625
1 0.39765625 0.48828125 0.01484375 0.0453125
2 0.5140625 0.528125 0.0140625 0.0671875
6 0.62421875 0.5296875 0.02421875 0.0640625
0 0.490625 0.05703125 0.01796875 0.05703125
1 0.44921875 0.640625 0.015625 0.06171875
6 0.6734375 0.6734375 0.01875 0.07265625