1 0.3171875 0.21953125 0.02421875 0.08203125
6 0.23828125 0.23359375 0.03125 0.07578125
1 0.8921875 0.34140625 0.0171875 0.09375
2 0.490625 0.3796875 0.01796875 0.09765625
2 0.47734375 0.46484375 0.02265625 0.0953125
3 0.309375 0.4734375 0.02421875 0.071875
0 0.33671875 0.47578125 0.02734375 0.0546875
6 0.215625 0.51015625 0.02890625 0.07265625
6 0.1078125 0.5171875 0.02265625 0.11015625
2 0.51796875 0.52109375 0.028125 0.090625
6 0.328125 0.5953125 0.02421875 0.08984375
1 0.43515625 0.6171875 0.040625 0.0953125
6 0.43125 0.784375 0.034375 0.09296875
1 0.55859375 0.7875 0.028125 0.10078125