1 0.5265625 0.09921875 0.02421875 0.07578125
6 0.6453125 0.10625 0.02734375 0.07265625
1 0.2546875 0.21796875 0.02734375 0.08203125
6 0.65390625 0.2828125 0.028125 0.04609375
2 0.49921875 0.3359375 0.021875 0.08515625
3 0.7453125 0.38984375 0.0203125 0.08125
0 0.61484375 0.39609375 0.03203125 0.059375
2 0.490625 0.43984375 0.02734375 0.084375
6 0.7546875 0.45234375 0.025 0.0921875
2 0.52265625 0.4828125 0.01796875 0.0921875
1 0.19375 0.57265625 0.025 0.08125
6 0.62890625 0.5921875 0.028125 0.07890625
1 0.5109375 0.9046875 0.02734375 0.09296875
6 0.63125 0.90625 0.0359375 0.10703125