6 0.48671875 0.10234375 0.02734375 0.065625
1 0.66875 0.12109375 0.01484375 0.06171875
2 0.50703125 0.246875 0.02421875 0.059375
1 0.7828125 0.31796875 0.02109375 0.0671875
6 0.2921875 0.31953125 0.01875 0.06484375
3 0.41015625 0.33359375 0.02421875 0.0328125
0 0.43359375 0.353125 0.02578125 0.0546875
2 0.56875 0.35703125 0.0203125 0.07421875
2 0.54296875 0.4296875 0.0203125 0.075
6 0.3921875 0.440625 0.025 0.05703125
6 0.3359375 0.546875 0.025 0.07734375
2 0.50546875 0.559375 0.015625 0.07890625
1 0.59375 0.57265625 0.0171875 0.078125
6 0.265625 0.8171875 0.03125 0.08515625
1 0.53125 0.83984375 0.0171875 0.0953125