1 0.47421875 0.171875 0.0171875 0.08515625
6 0.55703125 0.1796875 0.0296875 0.07578125
6 0.60078125 0.22734375 0.02734375 0.07890625
2 0.48515625 0.290625 0.02421875 0.07734375
2 0.44375 0.3046875 0.025 0.0921875
3 0.74140625 0.3796875 0.01796875 0.103125
1 0.2859375 0.39375 0.01796875 0.0953125
0 0.61015625 0.415625 0.03125 0.04765625
6 0.665625 0.54609375 0.02890625 0.078125
1 0.29765625 0.640625 0.015625 0.1171875
1 0.52578125 0.6515625 0.01796875 0.10703125
6 0.728125 0.6578125 0.03515625 0.0890625
6 0.7984375 0.846875 0.0453125 0.096875
1 0.6796875 0.8625 0.02421875 0.11015625