1 0.36875 0.2359375 0.03203125 0.06796875
1 0.3796875 0.28515625 0.02421875 0.03671875
6 0.2828125 0.32578125 0.03515625 0.0453125
2 0.3859375 0.32578125 0.03203125 0.03671875
6 0.30078125 0.35234375 0.03671875 0.04765625
2 0.5390625 0.415625 0.02734375 0.0953125
1 0.75703125 0.4171875 0.0203125 0.09296875
0 0.409375 0.45234375 0.02734375 0.03515625
3 0.37734375 0.4640625 0.02109375 0.0921875
2 0.58984375 0.484375 0.02890625 0.090625
2 0.15625 0.5265625 0.02421875 0.11484375
1 0.715625 0.77109375 0.02890625 0.11484375
6 0.5734375 0.7859375 0.0421875 0.1