6 0.62421875 0.0953125 0.021875 0.08125
1 0.353125 0.1421875 0.01875 0.0859375
1 0.58125 0.26171875 0.02265625 0.078125
6 0.65625 0.26328125 0.034375 0.07265625
2 0.509375 0.4546875 0.02109375 0.0828125
6 0.803125 0.4796875 0.02421875 0.0796875
3 0.79375 0.54765625 0.02734375 0.10078125
1 0.171875 0.54921875 0.02265625 0.07578125
2 0.5203125 0.55703125 0.028125 0.07109375
0 0.65234375 0.56328125 0.0328125 0.0640625
2 0.53671875 0.63046875 0.02734375 0.0859375
6 0.821875 0.6375 0.02421875 0.08515625
6 0.6921875 0.78125 0.0296875 0.0921875
1 0.42890625 0.8703125 0.03125 0.09921875