1 0.690625 0.14609375 0.02890625 0.1140625
6 0.38203125 0.1484375 0.03984375 0.1046875
2 0.440625 0.18359375 0.0296875 0.13203125
6 0.30625 0.2328125 0.0328125 0.06875
1 0.715625 0.2921875 0.02578125 0.12890625
3 0.14765625 0.37578125 0.03203125 0.128125
0 0.328125 0.42578125 0.0390625 0.07578125
2 0.5421875 0.47421875 0.03203125 0.12578125
6 0.109375 0.4921875 0.0296875 0.1171875
6 0.25625 0.634375 0.04921875 0.09296875
1 0.65234375 0.6671875 0.03125 0.12734375
2 0.346875 0.68203125 0.0328125 0.1453125
6 0.18515625 0.71328125 0.0453125 0.12109375
1 0.54765625 0.81796875 0.028125 0.1359375