6 0.55625 0.1359375 0.040625 0.1
1 0.3953125 0.1671875 0.03125 0.09375
2 0.56640625 0.27421875 0.04296875 0.0796875
3 0.82890625 0.3515625 0.02578125 0.125
1 0.184375 0.365625 0.02734375 0.1390625
0 0.66015625 0.3828125 0.0296875 0.06015625
6 0.88125 0.40390625 0.034375 0.12421875
2 0.46171875 0.4328125 0.03125 0.11171875
6 0.72890625 0.48671875 0.034375 0.07265625
6 0.7796875 0.50546875 0.05078125 0.0828125
2 0.521875 0.51328125 0.03828125 0.1109375
2 0.69765625 0.53046875 0.02890625 0.103125
1 0.16015625 0.63984375 0.02265625 0.13125
6 0.92109375 0.75625 0.04921875 0.11328125
1 0.78671875 0.78671875 0.03125 0.12421875