1 0.5828125 0.2609375 0.02578125 0.0921875
1 0.56328125 0.28046875 0.02734375 0.06796875
6 0.41015625 0.28828125 0.0328125 0.03984375
6 0.4328125 0.3265625 0.01796875 0.0703125
2 0.565625 0.3484375 0.025 0.09296875
6 0.1703125 0.353125 0.02578125 0.0609375
3 0.38359375 0.371875 0.025 0.0546875
0 0.4078125 0.4046875 0.02421875 0.06875
2 0.58984375 0.40625 0.028125 0.09765625
2 0.315625 0.434375 0.02890625 0.11015625
1 0.9140625 0.44609375 0.021875 0.11171875
2 0.5203125 0.4890625 0.0203125 0.103125
6 0.275 0.675 0.03671875 0.1046875
1 0.409375 0.709375 0.02578125 0.11875