6 0.42265625 0.13203125 0.03828125 0.0828125
1 0.58046875 0.16171875 0.02109375 0.0828125
2 0.4921875 0.44921875 0.03515625 0.07734375
3 0.303125 0.465625 0.03203125 0.06328125
6 0.096875 0.471875 0.02890625 0.09296875
0 0.33515625 0.5 0.02578125 0.06015625
1 0.91328125 0.51953125 0.025 0.1109375
2 0.4796875 0.52734375 0.034375 0.0828125
6 0.278125 0.61171875 0.0421875 0.07890625
2 0.33671875 0.646875 0.03828125 0.10234375
6 0.25078125 0.65703125 0.046875 0.08515625
1 0.396875 0.70625 0.02890625 0.11484375
6 0.178125 0.74609375 0.0296875 0.096875
1 0.353125 0.8203125 0.02109375 0.10703125