1 0.6328125 0.19296875 0.02421875 0.09765625
6 0.721875 0.1953125 0.0296875 0.09375
6 0.6921875 0.328125 0.03828125 0.10390625
1 0.4390625 0.3546875 0.03203125 0.09765625
6 0.7453125 0.4171875 0.03828125 0.115625
2 0.634375 0.41796875 0.040625 0.0609375
1 0.084375 0.54453125 0.021875 0.1203125
3 0.8265625 0.55 0.0453125 0.0703125
2 0.459375 0.55234375 0.02421875 0.11015625
2 0.54609375 0.55546875 0.02734375 0.103125
2 0.61015625 0.5796875 0.05703125 0.08828125
0 0.671875 0.590625 0.04296875 0.08515625
6 0.84375 0.66015625 0.03125 0.140625
1 0.5953125 0.75 0.034375 0.1078125