1 0.76015625 0.17109375 0.025 0.08984375
6 0.853125 0.20234375 0.0296875 0.0921875
1 0.61796875 0.2515625 0.02421875 0.10078125
6 0.746875 0.29765625 0.02734375 0.109375
2 0.58515625 0.3046875 0.03203125 0.1046875
2 0.47734375 0.38125 0.02578125 0.08125
2 0.37734375 0.4421875 0.025 0.10390625
6 0.7421875 0.459375 0.02109375 0.10078125
0 0.55859375 0.46328125 0.02734375 0.08203125
3 0.68671875 0.5125 0.028125 0.11875
1 0.25390625 0.55390625 0.02890625 0.1171875
2 0.359375 0.571875 0.0296875 0.10234375
6 0.434375 0.6140625 0.0296875 0.08828125
1 0.15859375 0.67421875 0.0359375 0.115625
6 0.284375 0.72421875 0.034375 0.11484375