1 0.6015625 0.1703125 0.0171875 0.090625
6 0.35625 0.2 0.028125 0.06875
2 0.496875 0.3328125 0.02734375 0.08828125
3 0.228125 0.36796875 0.01796875 0.09765625
0 0.35625 0.38125 0.0296875 0.07265625
1 0.859375 0.4234375 0.0203125 0.09765625
2 0.51015625 0.4453125 0.02109375 0.1
6 0.29765625 0.51328125 0.02421875 0.09296875
1 0.58125 0.5328125 0.025 0.09921875
2 0.42265625 0.57578125 0.02421875 0.0921875
6 0.32890625 0.58125 0.03515625 0.096875
1 0.5578125 0.83671875 0.03203125 0.08984375
6 0.265625 0.8453125 0.03203125 0.0921875