6 0.459375 0.096875 0.025 0.06484375
1 0.51484375 0.10625 0.02421875 0.0671875
6 0.3890625 0.2375 0.02421875 0.0703125
1 0.47421875 0.25078125 0.02265625 0.078125
2 0.44921875 0.33203125 0.025 0.07265625
6 0.36171875 0.334375 0.021875 0.05
1 0.71875 0.35625 0.028125 0.06875
3 0.2390625 0.43125 0.02421875 0.1046875
0 0.3796875 0.45703125 0.03515625 0.06015625
2 0.40078125 0.5484375 0.03125 0.10390625
1 0.80546875 0.58515625 0.01796875 0.08125
6 0.3203125 0.62578125 0.02265625 0.096875
1 0.37265625 0.6546875 0.028125 0.0859375
6 0.228125 0.8203125 0.03515625 0.09375
2 0.496875 0.82578125 0.02734375 0.10078125