1 0.67734375 0.246875 0.02578125 0.08125
6 0.39375 0.32578125 0.02734375 0.0328125
2 0.45078125 0.32890625 0.028125 0.04296875
2 0.55546875 0.3921875 0.02578125 0.0671875
6 0.165625 0.4109375 0.02578125 0.09375
3 0.365625 0.41484375 0.02265625 0.06015625
6 0.25546875 0.4265625 0.03203125 0.07109375
0 0.39921875 0.4453125 0.02578125 0.06171875
2 0.55625 0.46171875 0.028125 0.0859375
1 0.90703125 0.50859375 0.02265625 0.0953125
6 0.359375 0.55078125 0.03984375 0.06015625
2 0.4328125 0.58828125 0.02421875 0.07578125
1 0.67265625 0.6171875 0.02578125 0.10625
6 0.3046875 0.68828125 0.028125 0.0796875
1 0.5296875 0.73671875 0.028125 0.11015625