1 0.71640625 0.2328125 0.0171875 0.046875
6 0.7578125 0.23671875 0.01796875 0.0609375
2 0.6453125 0.28515625 0.0171875 0.05625
1 0.48828125 0.29375 0.015625 0.06328125
2 0.62421875 0.36328125 0.01328125 0.05078125
3 0.77265625 0.3765625 0.01328125 0.03515625
0 0.6921875 0.378125 0.01875 0.034375
6 0.77734375 0.43828125 0.0140625 0.0546875
1 0.46328125 0.49296875 0.01171875 0.05625
6 0.6265625 0.5421875 0.0203125 0.06796875
1 0.4265625 0.5671875 0.01328125 0.06875
6 0.6046875 0.628125 0.0171875 0.07265625
1 0.40234375 0.65625 0.0140625 0.059375
6 0.54765625 0.74453125 0.02265625 0.07890625