1 0.55234375 0.1 0.0203125 0.07578125
1 0.35625 0.25 0.01796875 0.08515625
6 0.746875 0.3 0.02109375 0.0546875
2 0.52578125 0.33671875 0.02265625 0.0703125
3 0.7421875 0.36171875 0.02421875 0.08828125
0 0.628125 0.3796875 0.02578125 0.05078125
2 0.52109375 0.51484375 0.025 0.06328125
6 0.68984375 0.5640625 0.025 0.075
6 0.6921875 0.65703125 0.02734375 0.075
1 0.55234375 0.684375 0.0203125 0.07890625
1 0.440625 0.85390625 0.021875 0.08515625
6 0.703125 0.8640625 0.0296875 0.09375
6 0.60234375 0.08828125 0.028125 0.07578125