6 0.40078125 0.18046875 0.0453125 0.10625
1 0.48359375 0.18671875 0.034375 0.1078125
1 0.69765625 0.3046875 0.021875 0.1421875
6 0.31015625 0.31015625 0.03828125 0.07890625
3 0.3109375 0.3890625 0.0390625 0.06484375
1 0.065625 0.38984375 0.028125 0.10234375
0 0.35703125 0.4125 0.0296875 0.07109375
2 0.57578125 0.4140625 0.046875 0.1203125
1 0.90078125 0.478125 0.0359375 0.15078125
2 0.53671875 0.48671875 0.0390625 0.153125
6 0.2203125 0.625 0.040625 0.109375
1 0.3453125 0.6453125 0.03828125 0.14921875
6 0.203125 0.82734375 0.0453125 0.14921875
1 0.27734375 0.828125 0.034375 0.1296875