1 0.36875 0.18359375 0.02578125 0.0859375
1 0.56328125 0.27109375 0.01796875 0.103125
6 0.68515625 0.271875 0.0390625 0.0859375
1 0.31796875 0.28359375 0.0171875 0.12421875
6 0.6421875 0.296875 0.0328125 0.06796875
6 0.70390625 0.371875 0.028125 0.09375
2 0.43125 0.40078125 0.03203125 0.10390625
1 0.12265625 0.4203125 0.02734375 0.109375
3 0.784375 0.4703125 0.02578125 0.1140625
0 0.62265625 0.48671875 0.0359375 0.07734375
2 0.4328125 0.53203125 0.0296875 0.1109375
6 0.80546875 0.56171875 0.034375 0.109375
6 0.63359375 0.67734375 0.03828125 0.11484375
1 0.34921875 0.678125 0.03203125 0.109375