6 0.615625 0.1265625 0.0328125 0.08125
1 0.54375 0.13671875 0.03515625 0.090625
6 0.6140625 0.26875 0.034375 0.059375
1 0.18671875 0.2765625 0.02421875 0.10078125
2 0.45625 0.35 0.03203125 0.09921875
6 0.86328125 0.36875 0.03203125 0.11171875
3 0.66171875 0.378125 0.028125 0.075
0 0.62421875 0.40234375 0.03671875 0.08203125
2 0.48515625 0.47890625 0.028125 0.11015625
6 0.703125 0.53515625 0.03671875 0.103125
1 0.159375 0.6171875 0.025 0.11875
1 0.58125 0.659375 0.02421875 0.109375
6 0.71484375 0.69765625 0.03671875 0.096875
6 0.39921875 0.8390625 0.03515625 0.11875