6 0.48359375 0.1515625 0.028125 0.059375
1 0.55546875 0.1703125 0.02265625 0.07265625
2 0.534375 0.2046875 0.0359375 0.06328125
6 0.47265625 0.23359375 0.03203125 0.0578125
1 0.7953125 0.28125 0.02265625 0.08203125
6 0.26484375 0.28984375 0.02421875 0.08671875
3 0.41953125 0.30703125 0.02578125 0.065625
0 0.44765625 0.334375 0.02734375 0.06015625
2 0.5703125 0.35546875 0.021875 0.08984375
2 0.4390625 0.46171875 0.01875 0.09375
6 0.303125 0.5421875 0.0140625 0.10625
1 0.49453125 0.6046875 0.0203125 0.09765625
1 0.81328125 0.6359375 0.02109375 0.1109375
6 0.2484375 0.78515625 0.03984375 0.08515625
1 0.43671875 0.8625 0.025 0.10703125