1 0.565625 0.21328125 0.02890625 0.07265625
1 0.68125 0.26796875 0.02109375 0.059375
2 0.678125 0.321875 0.0296875 0.0453125
6 0.72734375 0.33984375 0.03125 0.05390625
2 0.53203125 0.3484375 0.02734375 0.084375
6 0.76015625 0.37109375 0.03203125 0.09375
0 0.6734375 0.44375 0.03125 0.04921875
3 0.69765625 0.44921875 0.02421875 0.0859375
2 0.47734375 0.453125 0.02734375 0.08671875
6 0.88359375 0.48515625 0.02734375 0.09765625
1 0.2828125 0.56328125 0.0203125 0.09921875
2 0.5171875 0.6421875 0.02421875 0.10703125
6 0.5671875 0.7171875 0.02890625 0.1046875
1 0.3921875 0.73984375 0.01875 0.109375
6 0.61484375 0.75625 0.034375 0.10078125