1 0.5375 0.11328125 0.01796875 0.07109375
6 0.7578125 0.14375 0.02578125 0.08125
6 0.7203125 0.259375 0.02421875 0.07890625
1 0.38984375 0.259375 0.01171875 0.07421875
1 0.57109375 0.3015625 0.015625 0.07734375
6 0.82578125 0.43984375 0.02265625 0.05
2 0.534375 0.47109375 0.02734375 0.0609375
3 0.81875 0.50703125 0.0203125 0.1078125
0 0.67890625 0.509375 0.0328125 0.0671875
1 0.3421875 0.5625 0.01796875 0.07578125
2 0.56015625 0.5921875 0.028125 0.06484375
6 0.6703125 0.678125 0.02890625 0.09296875
1 0.48515625 0.8078125 0.0203125 0.09375
6 0.70234375 0.809375 0.021875 0.0921875