6 0.51171875 0.1015625 0.02890625 0.0703125
1 0.70546875 0.10234375 0.0171875 0.08515625
1 0.79453125 0.3328125 0.0203125 0.09296875
3 0.31953125 0.35859375 0.02265625 0.09296875
2 0.58671875 0.36171875 0.01484375 0.08984375
0 0.43046875 0.3890625 0.02890625 0.06015625
6 0.3828125 0.484375 0.02578125 0.0578125
2 0.56328125 0.48515625 0.0171875 0.09375
2 0.428125 0.5125 0.02734375 0.07890625
6 0.359375 0.51484375 0.02578125 0.06875
6 0.290625 0.615625 0.03515625 0.0859375
1 0.75625 0.66015625 0.01875 0.09765625
1 0.48984375 0.84921875 0.02265625 0.1140625
6 0.23203125 0.87421875 0.0296875 0.0953125