6 0.75078125 0.103125 0.025 0.07578125
1 0.521875 0.11015625 0.015625 0.07265625
2 0.50390625 0.18359375 0.021875 0.0671875
1 0.4328125 0.2359375 0.025 0.0703125
6 0.70859375 0.24609375 0.02421875 0.08125
1 0.39375 0.275 0.015625 0.0828125
6 0.6796875 0.34375 0.028125 0.078125
0 0.63359375 0.5328125 0.03203125 0.0421875
3 0.76328125 0.54765625 0.0171875 0.096875
1 0.184375 0.58515625 0.0171875 0.0828125
6 0.6578125 0.6359375 0.02109375 0.06796875
6 0.60546875 0.7546875 0.02578125 0.0828125
2 0.56015625 0.76875 0.01875 0.08125
6 0.6453125 0.85234375 0.02734375 0.08515625
1 0.43828125 0.853125 0.01875 0.09296875