1 0.52265625 0.11015625 0.02421875 0.08203125
6 0.31171875 0.1796875 0.0390625 0.0828125
1 0.71171875 0.26484375 0.021875 0.11171875
1 0.52109375 0.3 0.01796875 0.10703125
6 0.26953125 0.30234375 0.02734375 0.0796875
2 0.553125 0.4375 0.02421875 0.10390625
3 0.24375 0.5046875 0.0171875 0.08203125
0 0.384375 0.51640625 0.03515625 0.06015625
2 0.5203125 0.56171875 0.02265625 0.11484375
6 0.23828125 0.58203125 0.02734375 0.0890625
1 0.83828125 0.59296875 0.02734375 0.1
6 0.37265625 0.721875 0.034375 0.08984375
6 0.4171875 0.78125 0.0453125 0.0890625
1 0.64453125 0.8296875 0.025 0.11328125