6 0.4546875 0.16953125 0.04765625 0.1
1 0.57265625 0.17109375 0.03515625 0.10078125
2 0.465625 0.35234375 0.0453125 0.1078125
1 0.8734375 0.43359375 0.021875 0.1328125
1 0.59921875 0.4421875 0.028125 0.14921875
3 0.321875 0.44375 0.028125 0.0640625
6 0.08125 0.45234375 0.02890625 0.12109375
0 0.36171875 0.48046875 0.03515625 0.0859375
2 0.5703125 0.5609375 0.0359375 0.153125
6 0.3015625 0.58515625 0.04921875 0.09296875
6 0.2453125 0.5984375 0.046875 0.06328125
2 0.60078125 0.62578125 0.03203125 0.13671875
2 0.35546875 0.63515625 0.03515625 0.13125
6 0.23671875 0.671875 0.0328125 0.09609375
1 0.625 0.74375 0.0359375 0.140625