2 0.6234375 0.11171875 0.028125 0.16796875
2 0.58671875 0.18671875 0.04609375 0.1609375
2 0.32578125 0.20234375 0.040625 0.190625
3 0.540625 0.21328125 0.03984375 0.0921875
6 0.71171875 0.275 0.07890625 0.1328125
6 0.65078125 0.30078125 0.07109375 0.09765625
2 0.346875 0.3640625 0.06015625 0.16171875
0 0.5265625 0.39140625 0.0578125 0.05234375
3 0.5765625 0.42109375 0.053125 0.146875
1 0.81875 0.4453125 0.05 0.190625
2 0.2796875 0.48515625 0.03671875 0.1078125
6 0.46796875 0.5625 0.0703125 0.1296875
1 0.19765625 0.71875 0.053125 0.24609375
6 0.359375 0.728125 0.040625 0.2203125