1 0.43203125 0.2140625 0.02734375 0.078125
6 0.6484375 0.23125 0.021875 0.07578125
1 0.36484375 0.2875 0.02109375 0.084375
6 0.78515625 0.31640625 0.021875 0.06015625
6 0.72890625 0.3484375 0.02578125 0.0953125
2 0.51328125 0.35546875 0.02421875 0.071875
3 0.77421875 0.3671875 0.02421875 0.0921875
0 0.646875 0.38515625 0.02578125 0.0578125
2 0.52421875 0.4421875 0.02734375 0.0921875
1 0.253125 0.53203125 0.02109375 0.11015625
1 0.54453125 0.609375 0.02421875 0.103125
6 0.72578125 0.609375 0.02890625 0.103125
6 0.70625 0.7390625 0.03984375 0.10703125
1 0.559375 0.75078125 0.03203125 0.09765625