1 0.24140625 0.178125 0.02109375 0.06875
6 0.184375 0.18125 0.02734375 0.08515625
1 0.3921875 0.18984375 0.0203125 0.06875
6 0.090625 0.025 0.01796875 0.05
6 0.2046875 0.25234375 0.02890625 0.08515625
1 0.44140625 0.2625 0.015625 0.09375
6 0.26015625 0.29375 0.02734375 0.084375
1 0.76171875 0.378125 0.02734375 0.08984375
2 0.38515625 0.41328125 0.025 0.06015625
0 0.34140625 0.446875 0.0328125 0.05078125
2 0.41015625 0.4546875 0.02578125 0.0640625
3 0.21640625 0.47265625 0.0203125 0.078125
6 0.22421875 0.54921875 0.025 0.08671875
1 0.753125 0.6328125 0.0203125 0.103125
6 0.50703125 0.7078125 0.025 0.08984375