6 0.671875 0.09453125 0.02421875 0.08203125
1 0.58671875 0.1 0.02265625 0.07265625
2 0.56640625 0.30859375 0.02890625 0.06328125
1 0.471875 0.31796875 0.025 0.09765625
6 0.65078125 0.3578125 0.034375 0.07109375
2 0.459375 0.41796875 0.02421875 0.06875
1 0.115625 0.4328125 0.02265625 0.07734375
3 0.62734375 0.46328125 0.028125 0.07109375
0 0.5921875 0.478125 0.028125 0.059375
6 0.821875 0.48046875 0.0296875 0.09609375
2 0.44296875 0.51953125 0.02421875 0.10703125
2 0.54609375 0.58984375 0.0328125 0.07890625
1 0.48828125 0.89921875 0.034375 0.10078125
6 0.5703125 0.9 0.04765625 0.096875