1 0.4828125 0.103125 0.0203125 0.07578125
6 0.6421875 0.1046875 0.02734375 0.07265625
6 0.66328125 0.22734375 0.0296875 0.03828125
2 0.478125 0.23359375 0.02421875 0.0796875
1 0.28828125 0.24140625 0.015625 0.109375
6 0.8078125 0.26171875 0.025 0.06015625
6 0.653125 0.27109375 0.03828125 0.05625
2 0.5046875 0.34609375 0.01796875 0.09375
3 0.8078125 0.346875 0.02421875 0.10390625
0 0.67265625 0.390625 0.03828125 0.0703125
2 0.54375 0.490625 0.02109375 0.09375
1 0.31328125 0.55625 0.0171875 0.10234375
6 0.81171875 0.7796875 0.0390625 0.0828125
1 0.74765625 0.815625 0.0203125 0.1296875