6 0.35 0.18203125 0.03125 0.09609375
1 0.4296875 0.19765625 0.02890625 0.07734375
2 0.4171875 0.32734375 0.0296875 0.08515625
6 0.28671875 0.33671875 0.03125 0.06796875
2 0.38671875 0.42578125 0.0390625 0.07265625
3 0.16640625 0.4703125 0.01796875 0.12734375
0 0.3234375 0.49765625 0.0328125 0.0890625
1 0.87890625 0.4984375 0.0296875 0.1109375
2 0.41171875 0.54375 0.02421875 0.1
6 0.121875 0.56171875 0.025 0.10703125
6 0.26015625 0.72890625 0.0390625 0.103125
6 0.19921875 0.75859375 0.0296875 0.096875
1 0.3296875 0.759375 0.03203125 0.103125
1 0.4421875 0.828125 0.03203125 0.1109375