1 0.4734375 0.20546875 0.0171875 0.08203125
6 0.33515625 0.265625 0.02890625 0.0546875
2 0.4875 0.29375 0.0171875 0.09765625
6 0.1328125 0.3296875 0.02265625 0.08828125
3 0.3078125 0.33125 0.02265625 0.06015625
0 0.33359375 0.3578125 0.02421875 0.059375
2 0.4515625 0.365625 0.021875 0.06484375
2 0.453125 0.43984375 0.02109375 0.0859375
6 0.25625 0.44765625 0.02265625 0.08125
1 0.9171875 0.53828125 0.0203125 0.08984375
6 0.2265625 0.57265625 0.0296875 0.08515625
1 0.4109375 0.603125 0.02109375 0.1046875
6 0.240625 0.80078125 0.02890625 0.0921875
1 0.40625 0.82578125 0.02734375 0.09921875