1 0.35078125 0.16015625 0.02421875 0.08828125
6 0.6828125 0.19921875 0.034375 0.08828125
6 0.72734375 0.265625 0.03203125 0.0921875
1 0.18671875 0.33984375 0.02421875 0.11796875
6 0.7515625 0.35625 0.03828125 0.06015625
2 0.58515625 0.37578125 0.021875 0.10703125
2 0.67578125 0.42265625 0.04609375 0.09609375
3 0.88984375 0.48359375 0.03125 0.109375
0 0.7328125 0.496875 0.034375 0.059375
2 0.52578125 0.5078125 0.02421875 0.1109375
6 0.82421875 0.640625 0.02578125 0.11796875
1 0.32421875 0.6546875 0.03125 0.12109375
6 0.78046875 0.71640625 0.034375 0.109375
1 0.70625 0.71875 0.028125 0.0953125
1 0.5015625 0.81015625 0.03203125 0.12421875