6 0.51640625 0.19921875 0.02734375 0.096875
1 0.28984375 0.21171875 0.025 0.08515625
6 0.6359375 0.33515625 0.02578125 0.078125
2 0.49453125 0.3390625 0.025 0.09765625
1 0.19296875 0.3671875 0.021875 0.11328125
6 0.796875 0.3921875 0.0203125 0.03984375
6 0.659375 0.40234375 0.02890625 0.059375
3 0.80234375 0.4640625 0.0203125 0.1140625
2 0.50859375 0.4796875 0.0296875 0.09296875
0 0.66015625 0.49765625 0.03515625 0.06328125
2 0.55078125 0.56015625 0.0296875 0.06171875
6 0.728125 0.58671875 0.0390625 0.07109375
6 0.7640625 0.6125 0.040625 0.07890625
2 0.6703125 0.6140625 0.02890625 0.109375
1 0.240625 0.61796875 0.02265625 0.1390625
1 0.5296875 0.67109375 0.02734375 0.12578125