6 0.740625 0.115625 0.02578125 0.075
1 0.51484375 0.19921875 0.021875 0.06796875
6 0.68515625 0.22265625 0.02421875 0.07578125
1 0.56328125 0.2984375 0.01875 0.07265625
1 0.121875 0.3640625 0.0171875 0.065625
6 0.69921875 0.36484375 0.028125 0.07421875
2 0.51640625 0.41875 0.01796875 0.071875
0 0.63359375 0.47265625 0.02890625 0.0421875
3 0.753125 0.48515625 0.01875 0.08671875
2 0.4828125 0.52265625 0.01796875 0.0828125
6 0.74921875 0.56328125 0.01796875 0.07734375
1 0.54921875 0.084375 0.01484375 0.05390625
6 0.559375 0.87734375 0.0296875 0.0890625
1 0.50859375 0.88359375 0.02578125 0.0828125