6 0.63125 0.62265625 0.0203125 0.06328125
1 0.44453125 0.34765625 0.0140625 0.06171875
2 0.59921875 0.63046875 0.01875 0.0671875
1 0.31640625 0.35234375 0.01328125 0.05
6 0.2984375 0.41640625 0.0140625 0.059375
6 0.440625 0.49296875 0.01796875 0.0671875
1 0.2421875 0.62421875 0.015625 0.0671875
1 0.23984375 0.48125 0.0140625 0.0578125
6 0.23828125 0.578125 0.0171875 0.0421875
1 0.44765625 0.4625 0.025 0.0578125
2 0.3171875 0.42890625 0.01328125 0.04921875
1 0.42890625 0.51328125 0.01484375 0.06171875