3 0.9140625 0.43515625 0.0296875 0.1140625
1 0.475 0.61171875 0.0296875 0.109375
1 0.41015625 0.590625 0.02890625 0.10234375
1 0.53671875 0.628125 0.0328125 0.084375
6 0.74765625 0.62734375 0.02578125 0.10078125
1 0.046875 0.4234375 0.02265625 0.10625
2 0.76875 0.45234375 0.03125 0.10625
2 0.47265625 0.328125 0.02578125 0.090625
2 0.6421875 0.59375 0.025 0.09921875
1 0.3328125 0.20703125 0.01875 0.065625
6 0.38984375 0.203125 0.02109375 0.07578125
6 0.55546875 0.32578125 0.01875 0.078125
6 0.46640625 0.2828125 0.01484375 0.0171875