1 0.28984375 0.6265625 0.03671875 0.1171875
2 0.5046875 0.32890625 0.0359375 0.11171875
1 0.3703125 0.26484375 0.028125 0.1140625
1 0.02109375 0.38515625 0.02890625 0.13125
6 0.421875 0.134375 0.028125 0.1109375
1 0.36171875 0.13984375 0.02421875 0.10078125
3 0.85703125 0.43359375 0.02734375 0.125
6 0.5671875 0.2484375 0.03203125 0.10703125
1 0.59375 0.64453125 0.0359375 0.14609375
2 0.58359375 0.53125 0.03203125 0.15078125
6 0.83203125 0.521875 0.0296875 0.10703125
6 0.5828125 0.2984375 0.028125 0.10390625
6 0.65703125 0.628125 0.0578125 0.12734375