1 0.403125 0.63671875 0.03125 0.125
6 0.521875 0.62421875 0.034375 0.13125
1 0.60703125 0.64453125 0.0328125 0.10703125
3 0.91328125 0.44375 0.02734375 0.1359375
2 0.62578125 0.5578125 0.0296875 0.12109375
2 0.50078125 0.3203125 0.0359375 0.115625
6 0.375 0.15078125 0.02578125 0.1
1 0.33671875 0.165625 0.02265625 0.08828125
1 0.39921875 0.2828125 0.02421875 0.10703125
2 0.69921875 0.44453125 0.03828125 0.12890625
6 0.5546875 0.28203125 0.03125 0.0921875
6 0.8046875 0.5828125 0.02578125 0.1140625
6 0.5296875 0.30625 0.0296875 0.10078125