1 0.56875 0.6328125 0.0421875 0.10078125
3 0.9296875 0.4453125 0.03828125 0.1140625
6 0.76640625 0.6015625 0.040625 0.115625
2 0.6390625 0.578125 0.0203125 0.1078125
1 0.02421875 0.4171875 0.02265625 0.11171875
6 0.55234375 0.3078125 0.01796875 0.0796875
1 0.33671875 0.1921875 0.02265625 0.07734375
1 0.44765625 0.29765625 0.02421875 0.0796875
6 0.37109375 0.1875 0.01875 0.0796875
1 0.46484375 0.62890625 0.0328125 0.1296875
2 0.484375 0.32421875 0.0140625 0.0859375
2 0.7421875 0.44609375 0.02578125 0.11171875
6 0.44296875 0.59921875 0.0296875 0.109375
6 0.4921875 0.2953125 0.02109375 0.05234375