6 0.74375 0.6375 0.028125 0.10078125
1 0.0546875 0.4265625 0.02578125 0.09296875
1 0.515625 0.6328125 0.02890625 0.10078125
6 0.39140625 0.59375 0.02109375 0.0921875
2 0.64765625 0.60078125 0.025 0.090625
1 0.4953125 0.3203125 0.0203125 0.075
1 0.334375 0.22265625 0.015625 0.06875
1 0.48125 0.6046875 0.02734375 0.103125
3 0.9046875 0.4359375 0.02734375 0.10390625
6 0.396875 0.21875 0.01875 0.06796875
6 0.5578125 0.34296875 0.0203125 0.07734375
2 0.784375 0.45625 0.0296875 0.09609375
6 0.453125 0.32421875 0.021875 0.078125
2 0.46328125 0.33046875 0.021875 0.07109375