6 0.609375 0.30078125 0.034375 0.121875
1 0.11015625 0.353125 0.02734375 0.1390625
6 0.57265625 0.25234375 0.028125 0.11796875
1 0.3453125 0.2765625 0.02265625 0.1296875
6 0.746875 0.60625 0.03984375 0.13671875
2 0.5 0.33125 0.034375 0.103125
6 0.46015625 0.1296875 0.03203125 0.11484375
1 0.35625 0.1453125 0.02421875 0.1078125
6 0.83125 0.50078125 0.034375 0.1296875
1 0.59765625 0.66015625 0.028125 0.16015625
0 0.6296875 0.47734375 0.0359375 0.078125
1 0.23125 0.61640625 0.02578125 0.159375
3 0.82734375 0.39921875 0.02578125 0.06875
2 0.553125 0.52578125 0.02421875 0.128125
2 0.54921875 0.41015625 0.0359375 0.08203125