6 0.60859375 0.30078125 0.0328125 0.12109375
1 0.3453125 0.27734375 0.02421875 0.12890625
6 0.57265625 0.2515625 0.02734375 0.11796875
1 0.11328125 0.3546875 0.02734375 0.1359375
6 0.74765625 0.60703125 0.0421875 0.1359375
2 0.5 0.33125 0.0328125 0.103125
6 0.83828125 0.50703125 0.0328125 0.125
6 0.46015625 0.1296875 0.03203125 0.11484375
1 0.3578125 0.1453125 0.025 0.1109375
1 0.609375 0.6421875 0.02578125 0.15
0 0.63203125 0.4828125 0.03828125 0.08203125
2 0.54921875 0.42265625 0.04609375 0.1078125
1 0.22890625 0.61171875 0.021875 0.1546875
2 0.5546875 0.52734375 0.02578125 0.13125
3 0.82734375 0.4015625 0.025 0.075