6 0.60234375 0.61875 0.01875 0.0671875
6 0.39296875 0.48984375 0.0140625 0.06875
1 0.228125 0.60703125 0.015625 0.07890625
6 0.296875 0.43515625 0.0140625 0.06015625
6 0.44140625 0.36015625 0.01328125 0.06484375
1 0.30859375 0.36015625 0.0109375 0.053125
2 0.57265625 0.63359375 0.01796875 0.075
3 0.86171875 0.4453125 0.015625 0.07109375
2 0.27734375 0.4875 0.0140625 0.06171875
1 0.40625 0.50703125 0.028125 0.05
6 0.2453125 0.5703125 0.0140625 0.06484375
2 0.31484375 0.44609375 0.01328125 0.05703125
1 0.403125 0.47265625 0.02265625 0.0421875