1 0.43515625 0.63125 0.02578125 0.11328125
3 0.921875 0.43828125 0.040625 0.11875
6 0.778125 0.59453125 0.034375 0.10390625
1 0.33359375 0.1765625 0.02421875 0.0859375
2 0.63125 0.57265625 0.02734375 0.12734375
6 0.48046875 0.6046875 0.034375 0.1171875
1 0.41875 0.290625 0.02578125 0.096875
1 0.5890625 0.63828125 0.03828125 0.0953125
2 0.490625 0.32421875 0.01875 0.103125
6 0.55234375 0.290625 0.021875 0.08828125
6 0.36484375 0.16875 0.0203125 0.08125
6 0.515625 0.31015625 0.03984375 0.10078125
1 0.01015625 0.41015625 0.0171875 0.11875
2 0.71015625 0.453125 0.0390625 0.10234375