6 0.609375 0.30078125 0.0328125 0.121875
6 0.57265625 0.25234375 0.028125 0.11875
1 0.565625 0.675 0.021875 0.1546875
1 0.24453125 0.61875 0.02734375 0.14921875
1 0.35546875 0.2703125 0.02109375 0.125
1 0.09921875 0.3609375 0.025 0.12421875
2 0.50390625 0.328125 0.03515625 0.10234375
6 0.83828125 0.50625 0.0328125 0.1328125
6 0.4609375 0.1296875 0.0328125 0.11328125
1 0.3640625 0.13984375 0.021875 0.1109375
6 0.74609375 0.603125 0.03984375 0.1359375
0 0.63359375 0.4796875 0.03828125 0.078125
3 0.82421875 0.4375 0.03125 0.13828125
2 0.54921875 0.52578125 0.021875 0.1171875
2 0.54375 0.42734375 0.04765625 0.11875