6 0.609375 0.30078125 0.034375 0.121875
1 0.109375 0.35390625 0.02890625 0.140625
6 0.57265625 0.25234375 0.028125 0.11875
1 0.34921875 0.27734375 0.0203125 0.12265625
6 0.746875 0.60546875 0.03984375 0.1390625
1 0.23515625 0.615625 0.028125 0.153125
6 0.46015625 0.1296875 0.03203125 0.1140625
1 0.359375 0.14375 0.02265625 0.1109375
2 0.5 0.33125 0.03515625 0.103125
6 0.83671875 0.50234375 0.03515625 0.13125
0 0.63125 0.47734375 0.03671875 0.07734375
1 0.5890625 0.6609375 0.02421875 0.1390625
3 0.82734375 0.39921875 0.028125 0.07421875
2 0.53828125 0.41328125 0.04296875 0.10390625