1 0.40234375 0.63125 0.034375 0.08203125
2 0.66875 0.63671875 0.021875 0.09296875
6 0.546875 0.40703125 0.0171875 0.0859375
1 0.509375 0.36484375 0.015625 0.0578125
2 0.7921875 0.45 0.0203125 0.07890625
6 0.421875 0.26484375 0.0140625 0.065625
1 0.30234375 0.2734375 0.0140625 0.053125
6 0.30390625 0.61015625 0.02265625 0.09296875
6 0.7109375 0.66015625 0.01796875 0.09296875
1 0.0671875 0.44375 0.01796875 0.06328125
1 0.46484375 0.5953125 0.0203125 0.0953125
2 0.3921875 0.3578125 0.0140625 0.0671875
6 0.37578125 0.35703125 0.02421875 0.065625
3 0.859375 0.42421875 0.01015625 0.04765625