1 0.35703125 0.634375 0.02421875 0.07265625
6 0.2828125 0.62734375 0.015625 0.096875
1 0.4640625 0.57265625 0.015625 0.084375
1 0.50703125 0.38359375 0.0171875 0.053125
2 0.67109375 0.65234375 0.0203125 0.10078125
1 0.3 0.28515625 0.0171875 0.05390625
6 0.43125 0.28515625 0.0140625 0.071875
6 0.540625 0.43203125 0.021875 0.08828125
1 0.0890625 0.45078125 0.01796875 0.05703125
6 0.69921875 0.65390625 0.021875 0.09921875
6 0.3515625 0.3703125 0.01796875 0.06171875
2 0.3703125 0.36875 0.01484375 0.06015625