6 0.609375 0.3 0.0328125 0.121875
1 0.10625 0.35625 0.028125 0.1296875
6 0.57265625 0.25 0.028125 0.11875
6 0.746875 0.60546875 0.03984375 0.13671875
1 0.240625 0.61640625 0.02734375 0.15078125
2 0.35078125 0.2765625 0.0203125 0.121875
6 0.8375 0.5046875 0.034375 0.13203125
6 0.46015625 0.12890625 0.03203125 0.1140625
1 0.3609375 0.1421875 0.02265625 0.109375
1 0.571875 0.67109375 0.02578125 0.1546875
2 0.50078125 0.33046875 0.03515625 0.103125
0 0.63125 0.47890625 0.03828125 0.078125
3 0.825 0.43828125 0.0296875 0.140625
2 0.55078125 0.5125 0.02421875 0.11875
2 0.54921875 0.41015625 0.04609375 0.08125