6 0.25234375 0.565625 0.0171875 0.06796875
1 0.22578125 0.603125 0.015625 0.08203125
6 0.44296875 0.3515625 0.01328125 0.06171875
2 0.56328125 0.6296875 0.01484375 0.07734375
2 0.3203125 0.4546875 0.01484375 0.0578125
6 0.596875 0.609375 0.01875 0.07109375
1 0.30546875 0.365625 0.0109375 0.05703125
1 0.39453125 0.50234375 0.02421875 0.03203125
3 0.86875 0.44609375 0.01796875 0.07109375
6 0.29453125 0.44609375 0.01484375 0.0640625
1 0.29453125 0.48984375 0.0171875 0.059375
6 0.37890625 0.48515625 0.01875 0.059375