6 0.56328125 0.63046875 0.03671875 0.1390625
1 0.365625 0.628125 0.03671875 0.1171875
2 0.50390625 0.32265625 0.034375 0.11328125
1 0.625 0.64921875 0.0390625 0.13515625
6 0.3921875 0.14140625 0.0328125 0.10390625
6 0.55078125 0.3140625 0.02890625 0.115625
1 0.38203125 0.27265625 0.02734375 0.1109375
2 0.61171875 0.54375 0.03125 0.11015625
6 0.5625 0.25234375 0.025 0.09921875
3 0.89375 0.4390625 0.02578125 0.1328125
1 0.3421875 0.1578125 0.02421875 0.08984375
6 0.8234375 0.55859375 0.0328125 0.1171875
2 0.678125 0.43984375 0.025 0.128125
6 0.7765625 0.52578125 0.0296875 0.12734375