1 0.121875 0.46484375 0.02890625 0.0640625
1 0.4953125 0.41328125 0.01796875 0.05234375
1 0.3046875 0.31328125 0.01328125 0.065625
1 0.29765625 0.64375 0.01796875 0.08984375
1 0.46796875 0.55078125 0.02265625 0.06484375
2 0.34921875 0.38515625 0.0171875 0.0546875
6 0.51640625 0.4578125 0.02578125 0.06171875
6 0.68203125 0.64375 0.0203125 0.090625
6 0.43671875 0.30703125 0.01796875 0.065625
6 0.3203125 0.38671875 0.01875 0.0609375
6 0.26015625 0.621875 0.02265625 0.07890625
1 0.65625 0.65 0.021875 0.09296875