6 0.571875 0.25 0.02890625 0.12109375
2 0.50625 0.328125 0.034375 0.10625
2 0.55234375 0.52890625 0.028125 0.1390625
1 0.24921875 0.61875 0.0328125 0.15078125
1 0.365625 0.27109375 0.025 0.12109375
6 0.45234375 0.1359375 0.03515625 0.09609375
1 0.5609375 0.66875 0.0359375 0.14765625
1 0.365625 0.1390625 0.025 0.10625
1 0.0546875 0.37265625 0.02421875 0.1203125
6 0.83203125 0.50703125 0.03515625 0.11015625
6 0.603125 0.30078125 0.03125 0.1109375
2 0.58359375 0.428125 0.03203125 0.0890625
3 0.828125 0.4078125 0.02421875 0.08515625
0 0.64375 0.4515625 0.0140625 0.1046875