6 0.63125 0.53671875 0.02890625 0.08671875
6 0.603125 0.659375 0.02734375 0.09765625
6 0.528125 0.87265625 0.03671875 0.1
3 0.73828125 0.42421875 0.01875 0.10234375
1 0.5046875 0.640625 0.0203125 0.10390625
2 0.4765625 0.43671875 0.02421875 0.07421875
0 0.6046875 0.415625 0.034375 0.0453125
2 0.50625 0.31484375 0.0171875 0.09765625
1 0.20234375 0.5671875 0.025 0.0859375
6 0.67578125 0.12578125 0.03125 0.07890625
1 0.33515625 0.228125 0.01875 0.0890625
6 0.7015625 0.30078125 0.01875 0.08984375
1 0.3734375 0.81796875 0.025 0.08671875
1 0.60390625 0.12421875 0.02265625 0.06875