2 0.6484375 0.5921875 0.0140625 0.06328125
1 0.18671875 0.54765625 0.0171875 0.05078125
3 0.890625 0.55625 0.01328125 0.05625
6 0.71015625 0.3203125 0.0109375 0.04296875
1 0.31640625 0.71328125 0.01484375 0.05625
6 0.64765625 0.79453125 0.0140625 0.06328125
1 0.57109375 0.7515625 0.01171875 0.06484375
2 0.665625 0.32734375 0.01171875 0.04375
6 0.465625 0.47265625 0.009375 0.04296875
1 0.4484375 0.43515625 0.01015625 0.0546875
6 0.3359375 0.709375 0.01796875 0.05078125
1 0.1515625 0.56875 0.01484375 0.04921875
6 0.17109375 0.55234375 0.01484375 0.04921875