1 0.40390625 0.12265625 0.02734375 0.07890625
1 0.484375 0.78828125 0.025 0.12734375
2 0.38984375 0.37734375 0.02734375 0.090625
6 0.653125 0.7125 0.0359375 0.10625
1 0.1234375 0.72265625 0.02890625 0.10078125
3 0.59375 0.40625 0.02890625 0.07890625
6 0.70625 0.77109375 0.028125 0.1140625
6 0.46484375 0.11171875 0.0296875 0.084375
1 0.1828125 0.265625 0.02890625 0.07734375
1 0.4046875 0.83203125 0.02421875 0.11796875
6 0.56015625 0.2828125 0.02890625 0.06796875
2 0.45078125 0.50625 0.03515625 0.09609375
6 0.8015625 0.37890625 0.02421875 0.09921875