6 0.43125 0.23828125 0.015625 0.08125
6 0.70234375 0.12421875 0.01796875 0.0609375
6 0.81015625 0.64140625 0.0296875 0.103125
3 0.0375 0.47421875 0.01484375 0.0890625
1 0.44921875 0.23515625 0.015625 0.065625
1 0.82109375 0.653125 0.028125 0.090625
1 0.646875 0.16640625 0.02109375 0.0609375
6 0.26484375 0.39921875 0.02421875 0.0546875
6 0.64140625 0.44296875 0.0171875 0.0671875
2 0.396875 0.35625 0.021875 0.08125
1 0.9046875 0.34921875 0.03125 0.06171875
1 0.66328125 0.47109375 0.028125 0.06796875
1 0.58984375 0.4265625 0.0140625 0.03984375