2 0.5296875 0.60078125 0.02734375 0.1203125
1 0.6828125 0.86171875 0.0328125 0.1109375
6 0.38984375 0.3203125 0.0328125 0.09921875
2 0.565625 0.496875 0.028125 0.11015625
3 0.33671875 0.49453125 0.03125 0.0609375
2 0.5359375 0.37578125 0.02734375 0.096875
6 0.11328125 0.4765625 0.0328125 0.09609375
6 0.35078125 0.3765625 0.0359375 0.04609375
0 0.37421875 0.5171875 0.0359375 0.07421875
6 0.29375 0.6078125 0.03203125 0.09921875
1 0.62265625 0.2703125 0.02109375 0.10234375
1 0.5046875 0.7 0.02265625 0.109375
6 0.315625 0.7546875 0.02734375 0.1140625
1 0.86171875 0.55390625 0.01875 0.0890625