6 0.48984375 0.753125 0.02734375 0.0796875
6 0.29453125 0.6640625 0.0203125 0.075
2 0.36171875 0.6515625 0.02265625 0.08125
1 0.73671875 0.36171875 0.02421875 0.084375
3 0.16171875 0.4109375 0.0203125 0.08203125
6 0.3828125 0.315625 0.02578125 0.065625
1 0.4328125 0.82578125 0.02578125 0.08984375
1 0.75078125 0.69765625 0.01875 0.096875
1 0.58125 0.596875 0.02109375 0.08515625
6 0.22421875 0.43671875 0.0203125 0.0828125
2 0.5453125 0.37265625 0.015625 0.075
6 0.56875 0.32421875 0.02265625 0.06875
1 0.52890625 0.28828125 0.02109375 0.07421875