6 0.34765625 0.28984375 0.01328125 0.04375
1 0.6140625 0.7171875 0.0203125 0.06484375
6 0.37890625 0.3796875 0.015625 0.05078125
6 0.59375 0.31796875 0.01328125 0.0453125
6 0.46796875 0.7671875 0.01796875 0.07890625
1 0.790625 0.38515625 0.01796875 0.065625
1 0.54140625 0.2203125 0.0109375 0.0546875
1 0.41484375 0.3578125 0.01015625 0.0453125
1 0.65390625 0.9828125 0.02109375 0.03125
2 0.46328125 0.41015625 0.0203125 0.0578125
3 0.18203125 0.57578125 0.01796875 0.08125
2 0.4578125 0.5046875 0.0109375 0.07109375
6 0.50234375 0.20078125 0.0078125 0.04609375