1 0.31328125 0.665625 0.021875 0.08125
1 0.4453125 0.48125 0.01796875 0.07578125
6 0.6203125 0.70625 0.021875 0.07421875
6 0.3890625 0.18359375 0.0203125 0.0609375
1 0.1546875 0.43984375 0.02109375 0.0640625
1 0.3375 0.18359375 0.01484375 0.05703125
6 0.34140625 0.45703125 0.01796875 0.0578125
1 0.17265625 0.6859375 0.021875 0.07421875
6 0.209375 0.6765625 0.02109375 0.08828125
1 0.32265625 0.3359375 0.02109375 0.0640625
3 0.9296875 0.55234375 0.01484375 0.09296875
6 0.3546875 0.353125 0.02109375 0.0578125