1 0.73515625 0.82734375 0.0421875 0.103125
2 0.46015625 0.71171875 0.02578125 0.11875
1 0.8671875 0.31484375 0.0203125 0.0921875
1 0.38828125 0.21171875 0.021875 0.09375
1 0.78125 0.51015625 0.02109375 0.10078125
2 0.49921875 0.3796875 0.0203125 0.096875
1 0.5171875 0.12265625 0.0203125 0.08671875
6 0.62578125 0.709375 0.02109375 0.096875
6 0.3203125 0.21015625 0.02109375 0.08984375
6 0.509375 0.29609375 0.0296875 0.0890625
6 0.41015625 0.253125 0.02109375 0.08203125
3 0.13671875 0.47421875 0.025 0.1203125
2 0.30234375 0.403125 0.0203125 0.08515625
6 0.234375 0.58984375 0.02109375 0.0953125
6 0.20078125 0.44765625 0.0140625 0.07421875