1 0.0546875 0.4984375 0.02109375 0.06796875
2 0.56796875 0.32890625 0.015625 0.06875
1 0.43359375 0.75078125 0.021875 0.071875
6 0.3328125 0.32890625 0.01328125 0.06015625
2 0.5203125 0.559375 0.0171875 0.0640625
6 0.64140625 0.32890625 0.0171875 0.06796875
1 0.27265625 0.5609375 0.01875 0.08203125
6 0.26015625 0.5921875 0.0140625 0.06484375
3 0.84140625 0.50546875 0.01796875 0.07109375
6 0.1390625 0.615625 0.01796875 0.08515625
1 0.15 0.58984375 0.01328125 0.06328125
6 0.61796875 0.8125 0.01484375 0.07578125
1 0.3328125 0.29765625 0.01484375 0.03125