6 0.38984375 0.7 0.03984375 0.09375
1 0.765625 0.29375 0.028125 0.09296875
1 0.50078125 0.82421875 0.02890625 0.1078125
1 0.5125 0.13984375 0.02734375 0.08125
6 0.4171875 0.215625 0.0328125 0.075
2 0.49765625 0.51015625 0.02890625 0.08125
1 0.80390625 0.5890625 0.034375 0.096875
6 0.3828125 0.1578125 0.0390625 0.0796875
3 0.2125 0.4421875 0.025 0.10078125
2 0.53515625 0.36640625 0.03125 0.09296875
1 0.33125 0.61953125 0.03828125 0.10703125
6 0.21875 0.38046875 0.028125 0.02578125
6 0.309375 0.703125 0.0390625 0.1171875