6 0.4265625 0.6453125 0.0328125 0.10078125
2 0.55546875 0.559375 0.03515625 0.096875
1 0.82578125 0.796875 0.0359375 0.0953125
3 0.15625 0.43671875 0.03125 0.128125
1 0.43125 0.1125 0.02734375 0.06796875
6 0.521875 0.86640625 0.03828125 0.08828125
6 0.20703125 0.2546875 0.0359375 0.07890625
1 0.690625 0.42734375 0.02421875 0.0890625
6 0.1796875 0.49453125 0.03125 0.10625
1 0.2640625 0.23125 0.0296875 0.06171875
1 0.6515625 0.190625 0.0203125 0.1046875
2 0.47265625 0.37890625 0.02890625 0.1046875
6 0.1828125 0.30234375 0.0171875 0.1046875