1 0.37265625 0.28671875 0.02734375 0.0640625
1 0.38515625 0.15234375 0.03203125 0.07734375
2 0.4421875 0.4671875 0.0203125 0.071875
1 0.43828125 0.46015625 0.02578125 0.1109375
6 0.48125 0.1453125 0.021875 0.0703125
1 0.10078125 0.37265625 0.021875 0.0859375
6 0.73828125 0.73828125 0.021875 0.09296875
1 0.3234375 0.68125 0.01796875 0.09296875
1 0.20390625 0.7578125 0.0296875 0.08828125
6 0.4546875 0.30625 0.03125 0.0671875
3 0.93828125 0.55703125 0.021875 0.09296875
6 0.31328125 0.759375 0.02890625 0.1