1 0.36015625 0.6046875 0.01484375 0.0578125
6 0.5921875 0.6484375 0.0171875 0.059375
1 0.090625 0.59375 0.0203125 0.07734375
2 0.49375 0.421875 0.01484375 0.06328125
1 0.31484375 0.2421875 0.0171875 0.03828125
1 0.3296875 0.46875 0.01484375 0.0640625
6 0.378125 0.48125 0.01484375 0.0578125
6 0.37578125 0.2328125 0.01875 0.04609375
3 0.88046875 0.4640625 0.01484375 0.0640625
1 0.384375 0.37265625 0.01796875 0.05625
6 0.40234375 0.36171875 0.0140625 0.05
6 0.10234375 0.5765625 0.0109375 0.06015625