6 0.409375 0.115625 0.02578125 0.078125
6 0.3703125 0.646875 0.03515625 0.07265625
6 0.325 0.85625 0.0296875 0.10078125
6 0.38671875 0.2484375 0.02578125 0.07578125
1 0.784375 0.46328125 0.021875 0.0859375
6 0.215625 0.50625 0.02734375 0.0828125
2 0.47421875 0.64375 0.01796875 0.1046875
0 0.39375 0.5234375 0.03203125 0.0609375
3 0.36015625 0.49375 0.02109375 0.08125
1 0.403125 0.83828125 0.02109375 0.10703125
1 0.59765625 0.23828125 0.0171875 0.09375
2 0.534375 0.43515625 0.02265625 0.08203125
1 0.45859375 0.11875 0.02109375 0.0859375
2 0.5359375 0.5421875 0.02578125 0.09921875