6 0.2765625 0.71171875 0.02734375 0.0953125
6 0.40546875 0.2328125 0.028125 0.07578125
6 0.59375 0.715625 0.025 0.08671875
1 0.31640625 0.221875 0.025 0.07421875
2 0.47890625 0.61171875 0.02578125 0.09609375
1 0.228125 0.70859375 0.025 0.09921875
1 0.31796875 0.39375 0.02734375 0.06875
1 0.07109375 0.40625 0.0203125 0.07109375
6 0.6875 0.43515625 0.01796875 0.09375
3 0.93046875 0.478125 0.021875 0.0921875
1 0.3828125 0.709375 0.02734375 0.0828125
2 0.47578125 0.39375 0.025 0.08671875
6 0.35546875 0.425 0.02265625 0.0703125