1 0.7921875 0.61171875 0.03125 0.07578125
1 0.60625 0.81484375 0.028125 0.07734375
2 0.5140625 0.62421875 0.028125 0.0890625
6 0.5828125 0.6546875 0.028125 0.08984375
1 0.7984375 0.33359375 0.02109375 0.084375
6 0.4578125 0.7796875 0.0296875 0.090625
1 0.5703125 0.11875 0.021875 0.06171875
3 0.16484375 0.415625 0.021875 0.07109375
2 0.51328125 0.359375 0.0203125 0.06484375
6 0.52421875 0.1328125 0.02109375 0.07265625
6 0.48203125 0.33984375 0.0203125 0.07109375
6 0.17109375 0.46484375 0.01328125 0.053125
1 0.18828125 0.484375 0.01328125 0.08984375