1 0.6875 0.6484375 0.02734375 0.08203125
6 0.58125 0.68984375 0.015625 0.078125
6 0.57265625 0.32421875 0.02109375 0.06328125
1 0.4703125 0.30703125 0.0203125 0.059375
1 0.6609375 0.24609375 0.01796875 0.05078125
6 0.73671875 0.59296875 0.01875 0.08671875
6 0.28125 0.4703125 0.015625 0.071875
2 0.52578125 0.384375 0.01875 0.05234375
1 0.9265625 0.51015625 0.02265625 0.07578125
2 0.459375 0.5296875 0.01875 0.08671875
1 0.5671875 0.69296875 0.01796875 0.075
6 0.40078125 0.4671875 0.01875 0.0703125