1 0.71015625 0.59765625 0.02421875 0.071875
2 0.40859375 0.5109375 0.0203125 0.06171875
1 0.4375 0.3390625 0.0171875 0.05078125
1 0.68671875 0.30078125 0.01875 0.06015625
1 0.9171875 0.44453125 0.01796875 0.04921875
1 0.7375 0.6484375 0.02578125 0.0640625
6 0.60625 0.36484375 0.015625 0.06328125
6 0.33359375 0.459375 0.01796875 0.04765625
2 0.44765625 0.42578125 0.015625 0.06796875
6 0.66171875 0.55234375 0.0171875 0.05625
6 0.38515625 0.48828125 0.0140625 0.07578125
6 0.88046875 0.46171875 0.0140625 0.06171875