6 0.18984375 0.796875 0.046875 0.1
1 0.2921875 0.8125 0.0359375 0.103125
1 0.54921875 0.2265625 0.025 0.08828125
1 0.50234375 0.165625 0.02421875 0.08203125
2 0.50078125 0.31875 0.028125 0.08203125
6 0.2796875 0.5953125 0.03828125 0.0890625
6 0.3890625 0.2 0.03203125 0.06875
1 0.3359375 0.60234375 0.02734375 0.09375
6 0.33984375 0.23046875 0.0203125 0.1
3 0.23671875 0.321875 0.02265625 0.06328125
2 0.49921875 0.4203125 0.01875 0.1046875
6 0.2125 0.40859375 0.02421875 0.0796875
0 0.36796875 0.37734375 0.03203125 0.0609375
1 0.76640625 0.603125 0.015625 0.10703125