1 0.146875 0.63671875 0.02578125 0.075
1 0.5171875 0.8375 0.02421875 0.09609375
1 0.40703125 0.821875 0.02421875 0.090625
1 0.47578125 0.6015625 0.01875 0.0828125
1 0.253125 0.2375 0.02734375 0.0640625
6 0.59375 0.278125 0.02734375 0.0671875
3 0.68515625 0.403125 0.0140625 0.0671875
1 0.64375 0.68984375 0.021875 0.08203125
2 0.49140625 0.3921875 0.01875 0.08515625
1 0.540625 0.14375 0.02109375 0.071875
6 0.553125 0.14140625 0.02578125 0.0703125
6 0.65234375 0.39296875 0.01484375 0.06015625
2 0.509375 0.3171875 0.0140625 0.075