6 0.3859375 0.72265625 0.0390625 0.059375
1 0.48125 0.2671875 0.025 0.065625
6 0.4453125 0.33359375 0.025 0.06171875
2 0.540625 0.33515625 0.02578125 0.07265625
6 0.515625 0.2171875 0.021875 0.05625
1 0.6171875 0.171875 0.021875 0.04375
1 0.528125 0.634375 0.028125 0.07890625
3 0.196875 0.3296875 0.01875 0.06015625
2 0.52890625 0.4703125 0.021875 0.06796875
6 0.55234375 0.59140625 0.0203125 0.06875
1 0.88125 0.496875 0.015625 0.07578125
1 0.4 0.77421875 0.028125 0.07421875
6 0.21015625 0.41875 0.015625 0.059375