1 0.40078125 0.640625 0.03203125 0.090625
1 0.3203125 0.81171875 0.03515625 0.08203125
1 0.83046875 0.5515625 0.03515625 0.09921875
2 0.53671875 0.32109375 0.02578125 0.06875
6 0.4203125 0.23828125 0.02734375 0.0703125
2 0.515625 0.43671875 0.02421875 0.0828125
6 0.215625 0.41171875 0.02421875 0.07109375
6 0.36484375 0.6171875 0.0359375 0.08515625
1 0.553125 0.16875 0.01796875 0.0703125
1 0.47578125 0.24765625 0.02109375 0.07734375
3 0.2265625 0.3265625 0.02109375 0.0671875
6 0.24921875 0.79921875 0.0359375 0.103125
6 0.40625 0.2046875 0.015625 0.0796875
2 0.2703125 0.4765625 0.028125 0.0796875