1 0.5515625 0.70078125 0.0328125 0.12109375
1 0.396875 0.78515625 0.02734375 0.125
6 0.759375 0.69765625 0.0421875 0.1109375
2 0.475 0.40078125 0.02734375 0.11484375
1 0.24765625 0.61015625 0.034375 0.12734375
1 0.4546875 0.27109375 0.02578125 0.109375
1 0.06796875 0.4 0.028125 0.1
2 0.4953125 0.4765625 0.0328125 0.11796875
3 0.67890625 0.3671875 0.0359375 0.09609375
6 0.69765625 0.67578125 0.046875 0.09765625
6 0.8640625 0.33984375 0.02734375 0.0859375
6 0.70078125 0.4640625 0.03828125 0.13984375
6 0.5796875 0.24765625 0.0328125 0.06796875