1 0.4890625 0.6328125 0.028125 0.084375
6 0.44375 0.30390625 0.02578125 0.08515625
6 0.48671875 0.2015625 0.02421875 0.0546875
1 0.4828125 0.26171875 0.02265625 0.06171875
1 0.60390625 0.1671875 0.02109375 0.06171875
2 0.53359375 0.3328125 0.02265625 0.0703125
2 0.53125 0.4578125 0.021875 0.0671875
6 0.3515625 0.75078125 0.03203125 0.07734375
6 0.2078125 0.41875 0.02578125 0.08828125
1 0.37890625 0.79609375 0.03515625 0.090625
6 0.49609375 0.578125 0.021875 0.05625
3 0.2015625 0.3296875 0.015625 0.06328125
1 0.8734375 0.5078125 0.015625 0.08671875