1 0.4921875 0.60078125 0.0171875 0.0703125
6 0.309375 0.4671875 0.01484375 0.06171875
6 0.53515625 0.46640625 0.01484375 0.059375
6 0.46640625 0.25625 0.01015625 0.03515625
1 0.14921875 0.396875 0.015625 0.059375
2 0.45625 0.2765625 0.0203125 0.0453125
2 0.38203125 0.44375 0.0171875 0.059375
1 0.1703125 0.47890625 0.01328125 0.05390625
1 0.18828125 0.628125 0.01796875 0.078125
1 0.2953125 0.3703125 0.01484375 0.05625
6 0.1421875 0.4703125 0.01015625 0.05234375
6 0.284375 0.365625 0.01328125 0.059375