1 0.2625 0.78125 0.02734375 0.109375
1 0.0859375 0.42421875 0.01875 0.09375
6 0.29921875 0.60703125 0.028125 0.0890625
6 0.371875 0.37578125 0.02421875 0.08515625
1 0.49921875 0.76015625 0.02109375 0.10703125
1 0.13984375 0.6328125 0.02109375 0.1
6 0.4046875 0.62109375 0.02421875 0.0953125
2 0.51875 0.3046875 0.0203125 0.0859375
6 0.55859375 0.26171875 0.01875 0.07578125
1 0.89921875 0.39765625 0.02265625 0.096875
1 0.40078125 0.37421875 0.0296875 0.08125
6 0.625 0.56015625 0.02265625 0.090625
2 0.35 0.5859375 0.02734375 0.10625