6 0.18984375 0.79609375 0.04375 0.096875
2 0.4828125 0.32421875 0.02421875 0.08671875
1 0.2984375 0.83515625 0.0296875 0.10234375
1 0.334375 0.603125 0.02734375 0.0953125
6 0.28046875 0.59453125 0.03828125 0.08671875
1 0.61640625 0.25625 0.02578125 0.08671875
1 0.48671875 0.17578125 0.0203125 0.08828125
6 0.3828125 0.19765625 0.034375 0.0671875
3 0.23515625 0.3203125 0.02109375 0.06328125
1 0.7640625 0.6375 0.03203125 0.109375
2 0.496875 0.4453125 0.02265625 0.10625
6 0.31171875 0.28515625 0.021875 0.065625
6 0.21171875 0.41015625 0.02265625 0.07578125