1 0.6578125 0.58671875 0.021875 0.07109375
6 0.30859375 0.2703125 0.01875 0.0609375
6 0.459375 0.10625 0.01796875 0.04375
1 0.77578125 0.63203125 0.01796875 0.06484375
6 0.73046875 0.4578125 0.015625 0.08125
6 0.48984375 0.53359375 0.015625 0.07109375
3 0.0203125 0.51875 0.015625 0.08984375
6 0.4296875 0.103125 0.0203125 0.05625
1 0.52265625 0.66328125 0.015625 0.07890625
2 0.5453125 0.54609375 0.02421875 0.065625
2 0.5125 0.48984375 0.02421875 0.06484375
1 0.3953125 0.33828125 0.015625 0.06328125
1 0.740625 0.434375 0.01484375 0.07265625