6 0.5203125 0.7796875 0.0296875 0.1
1 0.721875 0.4640625 0.02578125 0.103125
2 0.6171875 0.75625 0.02890625 0.0828125
1 0.38046875 0.29296875 0.02734375 0.0953125
1 0.43046875 0.20078125 0.028125 0.0828125
3 0.20078125 0.571875 0.02578125 0.10703125
1 0.52890625 0.1953125 0.02578125 0.0890625
1 0.74921875 0.665625 0.02578125 0.10078125
2 0.5671875 0.51171875 0.046875 0.09296875
6 0.6671875 0.6296875 0.02734375 0.0953125
6 0.378125 0.2234375 0.021875 0.07265625
6 0.4609375 0.209375 0.028125 0.09921875
6 0.553125 0.54140625 0.0359375 0.10390625
1 0.9828125 0.21171875 0.02578125 0.1171875
2 0.7109375 0.69609375 0.021875 0.0890625