6 0.35625 0.77109375 0.01484375 0.065625
2 0.52421875 0.65390625 0.0140625 0.05234375
1 0.86171875 0.68671875 0.015625 0.0578125
6 0.8703125 0.678125 0.015625 0.06015625
1 0.5078125 0.44921875 0.01015625 0.04609375
1 0.41171875 0.465625 0.01328125 0.0609375
1 0.46953125 0.42578125 0.01015625 0.034375
1 0.41484375 0.2921875 0.01328125 0.053125
6 0.42578125 0.2921875 0.01328125 0.04765625
6 0.4609375 0.4234375 0.009375 0.0359375
6 0.46171875 0.5421875 0.01484375 0.0640625
2 0.45859375 0.459375 0.01796875 0.05078125