1 0.4078125 0.640625 0.03984375 0.0890625
1 0.3234375 0.7953125 0.03984375 0.06875
2 0.51796875 0.43828125 0.025 0.08515625
6 0.21328125 0.41328125 0.02421875 0.075
6 0.37421875 0.60625 0.03984375 0.07578125
6 0.2609375 0.80234375 0.03125 0.10703125
1 0.83125 0.5453125 0.0296875 0.10078125
2 0.53359375 0.31875 0.025 0.078125
1 0.47578125 0.25546875 0.0203125 0.07890625
3 0.22265625 0.3234375 0.02109375 0.06171875
1 0.56015625 0.1703125 0.01875 0.06796875
6 0.425 0.2421875 0.02578125 0.08203125
6 0.41328125 0.20546875 0.02109375 0.0921875