6 0.32890625 0.37265625 0.01171875 0.04921875
1 0.609375 0.30859375 0.0140625 0.0390625
2 0.40078125 0.43125 0.0109375 0.0390625
1 0.3578125 0.4140625 0.0109375 0.0359375
1 0.4671875 0.74921875 0.015625 0.05
1 0.715625 0.40546875 0.01328125 0.03125
6 0.51875 0.29921875 0.01171875 0.04375
1 0.59765625 0.68203125 0.01796875 0.05390625
6 0.45078125 0.81484375 0.01484375 0.08125
3 0.159375 0.6703125 0.01875 0.07109375
2 0.409375 0.51484375 0.0140625 0.0453125
6 0.6484375 0.38203125 0.01015625 0.05078125
6 0.33984375 0.47265625 0.0109375 0.06015625