6 0.70078125 0.71875 0.03125 0.08125
1 0.83125 0.70625 0.02734375 0.08515625
1 0.6828125 0.44921875 0.025 0.0828125
1 0.39375 0.14921875 0.02265625 0.06484375
1 0.29453125 0.2328125 0.01796875 0.053125
1 0.71171875 0.984375 0.03125 0.02890625
6 0.48125 0.4109375 0.01875 0.06875
2 0.5578125 0.559375 0.025 0.07578125
6 0.278125 0.23984375 0.02421875 0.0609375
6 0.20078125 0.58984375 0.02578125 0.08125
3 0.1078125 0.45859375 0.015625 0.09296875
1 0.58984375 0.21171875 0.01171875 0.08515625
6 0.5546875 0.584375 0.01796875 0.06484375
6 0.29765625 0.19375 0.01875 0.07265625