6 0.31171875 0.73671875 0.01875 0.059375
2 0.68125 0.5953125 0.015625 0.06484375
3 0.93984375 0.56796875 0.0140625 0.059375
1 0.32890625 0.740625 0.01328125 0.059375
6 0.659375 0.7890625 0.01328125 0.06015625
1 0.165625 0.590625 0.01484375 0.05234375
2 0.6953125 0.32265625 0.01171875 0.05703125
6 0.49140625 0.4984375 0.0109375 0.053125
6 0.75078125 0.315625 0.01015625 0.04765625
6 0.175 0.55234375 0.01015625 0.0453125
1 0.47265625 0.45234375 0.009375 0.04765625
1 0.59609375 0.759375 0.01171875 0.05078125
1 0.190625 0.53984375 0.015625 0.04921875