1 0.41875 0.6 0.0171875 0.06484375
6 0.55078125 0.58359375 0.01796875 0.04921875
1 0.08984375 0.59609375 0.021875 0.06328125
6 0.57734375 0.32578125 0.0140625 0.06328125
6 0.4375 0.16171875 0.0140625 0.05
6 0.20859375 0.85 0.0203125 0.07890625
3 0.790625 0.484375 0.01484375 0.06328125
1 0.31328125 0.29296875 0.01484375 0.04765625
1 0.43046875 0.171875 0.015625 0.05390625
1 0.28203125 0.79921875 0.01875 0.07265625
2 0.41953125 0.503125 0.01171875 0.059375
6 0.3109375 0.51875 0.0171875 0.0671875
2 0.55625 0.33125 0.01328125 0.05703125