6 0.4546875 0.234375 0.02109375 0.07109375
6 0.52265625 0.1140625 0.02421875 0.06796875
6 0.37265625 0.70234375 0.0359375 0.09296875
1 0.784375 0.30390625 0.025 0.08984375
1 0.81796875 0.60625 0.034375 0.08671875
6 0.42109375 0.14375 0.0296875 0.07265625
6 0.45546875 0.70078125 0.03203125 0.09765625
1 0.5390625 0.8140625 0.02890625 0.10078125
2 0.51171875 0.52734375 0.028125 0.071875
2 0.534375 0.3578125 0.02734375 0.09921875
6 0.22734375 0.42109375 0.02109375 0.06796875
3 0.1859375 0.43046875 0.025 0.08671875