1 0.5375 0.71171875 0.02890625 0.13984375
1 0.415625 0.7890625 0.02734375 0.1421875
2 0.5953125 0.41328125 0.03125 0.12421875
1 0.553125 0.24765625 0.02578125 0.1
2 0.490625 0.5421875 0.02734375 0.125
1 0.1703125 0.68671875 0.02890625 0.14375
1 0.10078125 0.41875 0.025 0.125
6 0.81484375 0.31484375 0.021875 0.109375
3 0.853125 0.36875 0.025 0.12109375
0 0.715625 0.40859375 0.0296875 0.10703125
6 0.815625 0.6640625 0.040625 0.10390625
6 0.7453125 0.6375 0.05234375 0.1046875
6 0.625 0.228125 0.03828125 0.0921875