6 0.2640625 0.81796875 0.03984375 0.11484375
1 0.60859375 0.140625 0.02890625 0.103125
6 0.29453125 0.19765625 0.04296875 0.09921875
1 0.6328125 0.83125 0.028125 0.11875
1 0.77265625 0.25703125 0.03125 0.0890625
6 0.13359375 0.5890625 0.03125 0.11171875
1 0.459375 0.18515625 0.02734375 0.0921875
6 0.26484375 0.16875 0.03203125 0.11171875
2 0.41640625 0.37890625 0.02578125 0.09609375
1 0.81484375 0.728125 0.02890625 0.11171875
2 0.471875 0.4828125 0.03203125 0.10390625
6 0.221875 0.70234375 0.04609375 0.12109375
1 0.4734375 0.75234375 0.02265625 0.1390625
0 0.3015625 0.534375 0.03828125 0.075
3 0.13203125 0.49921875 0.02578125 0.08671875