6 0.6515625 0.35625 0.01796875 0.071875
1 0.06640625 0.47578125 0.02578125 0.07109375
6 0.60625 0.77734375 0.02109375 0.07890625
1 0.4109375 0.740625 0.01875 0.0796875
6 0.33828125 0.29453125 0.0140625 0.04921875
1 0.178125 0.61640625 0.021875 0.06328125
2 0.49375 0.565625 0.0203125 0.06875
1 0.534375 0.346875 0.02109375 0.06484375
6 0.2859375 0.54453125 0.0140625 0.0671875
3 0.86328125 0.49140625 0.015625 0.078125
1 0.2796875 0.49765625 0.01796875 0.06171875
1 0.32734375 0.28515625 0.0203125 0.059375
6 0.18671875 0.64765625 0.02734375 0.07109375