6 0.74375 0.6953125 0.03671875 0.11171875
1 0.38125 0.784375 0.02734375 0.13125
1 0.5578125 0.6953125 0.03203125 0.1203125
1 0.05859375 0.4125 0.03515625 0.09765625
2 0.503125 0.41171875 0.02734375 0.11328125
6 0.67265625 0.68203125 0.04609375 0.11796875
1 0.28671875 0.61328125 0.02890625 0.13515625
1 0.465625 0.26640625 0.02421875 0.1078125
2 0.546875 0.48125 0.03515625 0.115625
6 0.70859375 0.428125 0.0328125 0.1171875
6 0.596875 0.24609375 0.03203125 0.090625
3 0.73203125 0.353125 0.025 0.07265625
6 0.8625 0.3421875 0.028125 0.0703125
2 0.5796875 0.3703125 0.028125 0.12890625