6 0.190625 0.796875 0.0453125 0.096875
2 0.48671875 0.32421875 0.02734375 0.09296875
1 0.29921875 0.834375 0.0296875 0.09609375
6 0.2796875 0.59375 0.0390625 0.08671875
1 0.48671875 0.17578125 0.021875 0.0890625
1 0.334375 0.60390625 0.02734375 0.09296875
6 0.3828125 0.1984375 0.0359375 0.0671875
2 0.4953125 0.44921875 0.021875 0.08125
1 0.603125 0.2453125 0.021875 0.09375
6 0.21171875 0.41015625 0.02109375 0.075
3 0.2359375 0.321875 0.02109375 0.06484375
6 0.31953125 0.271875 0.025 0.07578125
1 0.7640625 0.62734375 0.034375 0.10390625