1 0.61015625 0.85546875 0.02578125 0.096875
6 0.67734375 0.596875 0.03203125 0.08671875
2 0.42578125 0.4515625 0.02109375 0.08828125
6 0.78671875 0.8265625 0.03671875 0.1
0 0.56953125 0.378125 0.02734375 0.0640625
6 0.521875 0.21171875 0.02578125 0.071875
1 0.50234375 0.6234375 0.01875 0.09609375
1 0.2546875 0.16953125 0.02109375 0.07734375
3 0.67265625 0.346875 0.02265625 0.084375
1 0.07109375 0.55625 0.015625 0.09921875
6 0.49453125 0.0953125 0.02109375 0.075
1 0.45546875 0.25 0.021875 0.08203125
2 0.0203125 0.52734375 0.01484375 0.065625
2 0.3875 0.29375 0.02265625 0.071875
6 0.61015625 0.459375 0.01796875 0.08828125