6 0.52734375 0.728125 0.02734375 0.090625
1 0.5671875 0.696875 0.02109375 0.07421875
1 0.76875 0.68125 0.028125 0.08828125
1 0.3703125 0.35859375 0.02734375 0.05390625
2 0.4453125 0.53515625 0.02734375 0.08671875
1 0.9328125 0.340625 0.01796875 0.08984375
1 0.36484375 0.25234375 0.02421875 0.07421875
1 0.31328125 0.2375 0.02109375 0.075
6 0.1734375 0.42890625 0.021875 0.08515625
3 0.10625 0.5140625 0.02578125 0.090625
2 0.37265625 0.428125 0.015625 0.08671875
6 0.503125 0.540625 0.0203125 0.09921875