6 0.39765625 0.125 0.034375 0.08125
6 0.37421875 0.26171875 0.02890625 0.08828125
1 0.63359375 0.26015625 0.0296875 0.075
6 0.18515625 0.54921875 0.03125 0.0890625
1 0.446875 0.13828125 0.02734375 0.08125
6 0.3296875 0.7515625 0.02734375 0.09765625
2 0.53515625 0.58828125 0.0296875 0.10625
2 0.53203125 0.48828125 0.02578125 0.078125
1 0.85390625 0.509375 0.02421875 0.09765625
2 0.41484375 0.71953125 0.0390625 0.11875
3 0.34375 0.54765625 0.03203125 0.06484375
0 0.3796875 0.5578125 0.03125 0.05703125
1 0.4953125 0.82421875 0.01796875 0.125
6 0.3546875 0.70390625 0.03671875 0.07265625