6 0.52421875 0.609375 0.0296875 0.10078125
1 0.33515625 0.628125 0.02734375 0.10234375
6 0.48515625 0.77421875 0.03203125 0.1
2 0.45625 0.3171875 0.02734375 0.08828125
1 0.25390625 0.8265625 0.02578125 0.09765625
1 0.434375 0.2140625 0.028125 0.0859375
1 0.13828125 0.2546875 0.02890625 0.090625
6 0.83125 0.50703125 0.0203125 0.0859375
6 0.6046875 0.25859375 0.01796875 0.0828125
1 0.2875 0.49140625 0.02421875 0.09765625
2 0.74453125 0.20625 0.02578125 0.08125
3 0.87421875 0.328125 0.02265625 0.11328125
6 0.56015625 0.45234375 0.03203125 0.0921875