6 0.65625 0.609375 0.02734375 0.07578125
1 0.48125 0.29296875 0.02109375 0.0578125
2 0.540625 0.36015625 0.02109375 0.0609375
6 0.55390625 0.271875 0.01875 0.0578125
1 0.640625 0.2078125 0.0171875 0.05
6 0.49609375 0.71171875 0.02890625 0.08828125
2 0.50078125 0.49453125 0.02109375 0.0671875
1 0.6203125 0.63828125 0.025 0.071875
6 0.43359375 0.41484375 0.02265625 0.071875
3 0.1828125 0.346875 0.015625 0.05078125
1 0.90859375 0.49375 0.0296875 0.06484375
6 0.24296875 0.4421875 0.015625 0.06015625
1 0.4828125 0.721875 0.01875 0.07578125