6 0.36171875 0.478125 0.01875 0.05703125
1 0.63828125 0.6078125 0.021875 0.07265625
6 0.9671875 0.365625 0.01796875 0.065625
1 0.70546875 0.44921875 0.02421875 0.0609375
1 0.8328125 0.39375 0.01796875 0.0671875
6 0.6171875 0.35625 0.0171875 0.0609375
6 0.65234375 0.428125 0.015625 0.06171875
2 0.4609375 0.38515625 0.01328125 0.0796875
6 0.40625 0.46328125 0.01484375 0.05078125
1 0.6390625 0.3078125 0.02265625 0.06171875
3 0.165625 0.27265625 0.01328125 0.05390625
2 0.40546875 0.434375 0.01875 0.05