3 0.1046875 0.64375 0.02421875 0.08828125
6 0.40546875 0.60625 0.0203125 0.07578125
2 0.4453125 0.646875 0.02265625 0.0828125
1 0.7296875 0.52734375 0.02109375 0.07265625
1 0.63828125 0.2265625 0.0203125 0.065625
2 0.52734375 0.4375 0.02734375 0.059375
6 0.296875 0.71171875 0.02734375 0.0671875
6 0.59140625 0.47578125 0.021875 0.07265625
1 0.66875 0.4125 0.01796875 0.0578125
1 0.90078125 0.47265625 0.025 0.05703125
2 0.42578125 0.659375 0.01796875 0.0828125
6 0.7125 0.51875 0.01328125 0.07109375
6 0.62421875 0.24609375 0.02421875 0.0578125