6 0.190625 0.796875 0.04609375 0.09921875
1 0.290625 0.81328125 0.034375 0.10078125
1 0.5640625 0.22734375 0.02578125 0.084375
2 0.49765625 0.3203125 0.02890625 0.090625
1 0.334375 0.6046875 0.02734375 0.09296875
6 0.384375 0.19921875 0.034375 0.065625
6 0.2796875 0.5953125 0.03828125 0.0890625
1 0.4921875 0.165625 0.02109375 0.0796875
1 0.765625 0.603125 0.01875 0.090625
3 0.23671875 0.32109375 0.021875 0.0640625
2 0.49375 0.4296875 0.021875 0.11171875
6 0.21171875 0.409375 0.02265625 0.078125
6 0.3328125 0.2328125 0.02109375 0.07421875