6 0.5140625 0.65625 0.02265625 0.075
1 0.56171875 0.78671875 0.02265625 0.07421875
6 0.76171875 0.78046875 0.0203125 0.09296875
2 0.50703125 0.4171875 0.021875 0.0828125
1 0.49765625 0.56328125 0.0203125 0.071875
1 0.45859375 0.1703125 0.0171875 0.05703125
6 0.47734375 0.4125 0.02109375 0.07265625
2 0.365625 0.43984375 0.01875 0.0671875
1 0.2390625 0.22109375 0.0171875 0.065625
1 0.09765625 0.659375 0.01875 0.075
2 0.38828125 0.28515625 0.02265625 0.04921875
6 0.52421875 0.125 0.0171875 0.0671875
3 0.76484375 0.34140625 0.01875 0.0828125
6 0.36484375 0.23203125 0.0140625 0.0546875