1 0.3609375 0.2921875 0.0296875 0.07109375
1 0.71015625 0.6875 0.03515625 0.0953125
6 0.25625 0.31875 0.03125 0.08125
1 0.43984375 0.36171875 0.021875 0.065625
2 0.48359375 0.45390625 0.0296875 0.06171875
1 0.90234375 0.3578125 0.02734375 0.08984375
6 0.340625 0.675 0.03203125 0.090625
1 0.484375 0.66171875 0.02265625 0.07890625
6 0.08671875 0.52421875 0.02890625 0.09765625
2 0.50390625 0.5421875 0.028125 0.07734375
6 0.3609375 0.62734375 0.0328125 0.090625
6 0.30859375 0.60078125 0.02890625 0.103125
3 0.278125 0.47578125 0.01875 0.07421875