2 0.4828125 0.58984375 0.02265625 0.0921875
1 0.40234375 0.72421875 0.01796875 0.08671875
6 0.6 0.74921875 0.02109375 0.0921875
6 0.66328125 0.3921875 0.015625 0.0921875
6 0.21875 0.66640625 0.02265625 0.084375
1 0.06796875 0.446875 0.02421875 0.07578125
6 0.3578125 0.26171875 0.0171875 0.0671875
1 0.3171875 0.25703125 0.02421875 0.065625
1 0.2 0.66171875 0.025 0.0953125
1 0.28828125 0.44296875 0.01875 0.0609375
2 0.50625 0.3609375 0.02265625 0.06875
3 0.88828125 0.4875 0.021875 0.08515625
6 0.31171875 0.4890625 0.015625 0.0578125