2 0.45625 0.484375 0.02421875 0.06328125
1 0.8203125 0.6828125 0.02734375 0.07578125
1 0.61171875 0.709375 0.02421875 0.065625
1 0.94453125 0.3359375 0.0203125 0.071875
6 0.21171875 0.36171875 0.0203125 0.07421875
6 0.2765625 0.6234375 0.02265625 0.09921875
6 0.575 0.4703125 0.021875 0.0703125
2 0.3703125 0.3953125 0.02421875 0.059375
1 0.40234375 0.2109375 0.0171875 0.06171875
6 0.3546875 0.31796875 0.0203125 0.05234375
6 0.64765625 0.73984375 0.02421875 0.10390625
6 0.346875 0.20234375 0.0203125 0.0703125
3 0.07421875 0.5328125 0.02578125 0.096875