6 0.57265625 0.86328125 0.03984375 0.103125
1 0.18671875 0.6078125 0.02734375 0.07734375
6 0.58828125 0.13671875 0.03125 0.06796875
1 0.4984375 0.6296875 0.02109375 0.0828125
1 0.45546875 0.85625 0.025 0.103125
2 0.4375 0.296875 0.015625 0.07890625
6 0.61640625 0.63125 0.03125 0.08828125
1 0.24296875 0.2171875 0.0203125 0.0828125
1 0.52734375 0.13046875 0.0171875 0.0828125
6 0.7046875 0.44453125 0.0203125 0.06796875
3 0.6875 0.37265625 0.01484375 0.0796875
2 0.44375 0.4046875 0.0171875 0.08203125
0 0.56875 0.390625 0.02578125 0.0421875
6 0.59296875 0.290625 0.02421875 0.04296875