1 0.60625 0.8203125 0.02578125 0.0890625
6 0.76015625 0.796875 0.021875 0.096875
1 0.5109375 0.59375 0.01796875 0.08515625
1 0.25390625 0.1875 0.0171875 0.0703125
2 0.39765625 0.2828125 0.01796875 0.07265625
1 0.08125 0.6078125 0.0171875 0.065625
1 0.4390625 0.190625 0.02109375 0.07265625
3 0.7421875 0.334375 0.01796875 0.08828125
6 0.61171875 0.6125 0.02578125 0.075
2 0.39140625 0.44375 0.025 0.06484375
2 0.5203125 0.4046875 0.0203125 0.08203125
6 0.49609375 0.10078125 0.01484375 0.07109375
1 0.9796875 0.9796875 0.02265625 0.040625
6 0.44921875 0.2078125 0.02734375 0.07734375
2 0.5390625 0.45625 0.015625 0.0921875