1 0.81171875 0.58515625 0.034375 0.096875
6 0.44296875 0.22421875 0.028125 0.0703125
1 0.5203125 0.81875 0.03125 0.10078125
1 0.77734375 0.2953125 0.02578125 0.0859375
6 0.4265625 0.696875 0.0359375 0.090625
1 0.51875 0.12421875 0.028125 0.08125
2 0.53671875 0.35859375 0.02734375 0.08515625
6 0.403125 0.146875 0.03125 0.075
2 0.50703125 0.521875 0.0296875 0.078125
1 0.31015625 0.58984375 0.02734375 0.1046875
6 0.22421875 0.4015625 0.01796875 0.0578125
3 0.196875 0.43984375 0.02109375 0.09375
6 0.34453125 0.69609375 0.02578125 0.08125