6 0.2796875 0.596875 0.04375 0.0828125
2 0.50390625 0.3265625 0.02578125 0.0921875
6 0.18984375 0.790625 0.05234375 0.10078125
2 0.5125 0.4171875 0.02265625 0.09609375
0 0.36875 0.37265625 0.03125 0.0578125
1 0.33984375 0.60234375 0.028125 0.09921875
1 0.2921875 0.81328125 0.0390625 0.0953125
6 0.3875 0.20078125 0.03125 0.0640625
1 0.51484375 0.22109375 0.02421875 0.08125
3 0.240625 0.3375 0.02890625 0.08203125
6 0.35390625 0.2046875 0.02734375 0.06484375
1 0.5203125 0.14921875 0.01796875 0.06015625
6 0.2140625 0.39765625 0.03125 0.09765625
2 0.77265625 0.5828125 0.02421875 0.1109375