1 0.371875 0.775 0.0296875 0.12421875
1 0.56015625 0.67734375 0.034375 0.11484375
6 0.72734375 0.3984375 0.03125 0.13828125
1 0.3296875 0.58984375 0.0328125 0.1359375
1 0.4828125 0.253125 0.02421875 0.10078125
6 0.65078125 0.67734375 0.040625 0.10703125
1 0.05234375 0.428125 0.028125 0.10078125
6 0.71640625 0.68125 0.04921875 0.1109375
3 0.77578125 0.37578125 0.0296875 0.1296875
6 0.621875 0.25546875 0.0328125 0.121875
6 0.8578125 0.371875 0.025 0.1
2 0.5890625 0.4890625 0.0359375 0.13203125
2 0.53125 0.421875 0.01875 0.1046875