1 0.559375 0.6671875 0.0328125 0.1046875
1 0.36015625 0.76640625 0.028125 0.12109375
6 0.684375 0.68125 0.03203125 0.10078125
2 0.55625 0.415625 0.02734375 0.10625
1 0.37265625 0.57734375 0.02734375 0.13515625
1 0.509375 0.253125 0.02421875 0.09765625
6 0.73671875 0.3796875 0.03515625 0.1296875
6 0.61875 0.6671875 0.03984375 0.078125
1 0.0453125 0.44296875 0.02265625 0.11484375
6 0.85625 0.38046875 0.02578125 0.09296875
6 0.6484375 0.24296875 0.0390625 0.125
3 0.8171875 0.365625 0.02578125 0.12734375
2 0.63671875 0.49765625 0.03515625 0.121875