1 0.73515625 0.67890625 0.028125 0.0890625
1 0.36484375 0.2828125 0.02890625 0.08203125
1 0.525 0.67734375 0.02421875 0.08515625
6 0.30234375 0.2953125 0.0296875 0.07578125
6 0.42578125 0.68828125 0.028125 0.08984375
1 0.93359375 0.33984375 0.02265625 0.08125
2 0.4796875 0.54765625 0.02578125 0.08515625
1 0.42734375 0.3953125 0.025 0.0703125
6 0.4484375 0.43671875 0.02109375 0.06015625
6 0.13125 0.4921875 0.02421875 0.09765625
3 0.20625 0.49140625 0.02578125 0.0859375
6 0.30703125 0.5859375 0.02734375 0.10234375