2 0.571875 0.5546875 0.03203125 0.090625
6 0.6203125 0.803125 0.053125 0.09609375
6 0.19375 0.52421875 0.02734375 0.09296875
1 0.859375 0.7609375 0.02890625 0.0921875
1 0.71015625 0.4359375 0.02890625 0.10234375
6 0.521875 0.58125 0.02109375 0.07890625
2 0.47734375 0.36875 0.02421875 0.07734375
1 0.4171875 0.103125 0.021875 0.071875
3 0.1203125 0.44453125 0.025 0.1
1 0.278125 0.21796875 0.03125 0.0921875
6 0.22265625 0.24140625 0.02734375 0.10078125
6 0.2453125 0.21875 0.02421875 0.11484375
1 0.65625 0.18671875 0.025 0.1