1 0.59296875 0.81875 0.03203125 0.071875
6 0.4546875 0.79375 0.01875 0.075
6 0.596875 0.60546875 0.021875 0.0953125
1 0.79375 0.3484375 0.02734375 0.06796875
6 0.5515625 0.12578125 0.02109375 0.06328125
1 0.7453125 0.59296875 0.0296875 0.07890625
6 0.4703125 0.31640625 0.015625 0.0640625
2 0.51015625 0.6328125 0.021875 0.0890625
2 0.51171875 0.3640625 0.02265625 0.0921875
3 0.175 0.4125 0.0171875 0.0609375
1 0.6046875 0.1203125 0.02109375 0.06015625
1 0.19296875 0.471875 0.01328125 0.096875
6 0.1625 0.48515625 0.02109375 0.07890625