1 0.2546875 0.73828125 0.02578125 0.09609375
2 0.4625 0.409375 0.02890625 0.078125
1 0.3203125 0.20234375 0.021875 0.07734375
1 0.090625 0.38515625 0.02265625 0.08203125
6 0.7171875 0.45546875 0.02109375 0.10078125
6 0.603125 0.6734375 0.0203125 0.07890625
3 0.928125 0.47578125 0.02109375 0.10703125
2 0.47734375 0.60390625 0.0296875 0.096875
1 0.346875 0.35390625 0.025 0.07265625
6 0.46640625 0.221875 0.02109375 0.0640625
6 0.34375 0.73125 0.0203125 0.0953125
1 0.34609375 0.6921875 0.02578125 0.103125
6 0.41015625 0.39453125 0.021875 0.084375