6 0.30703125 0.7046875 0.05234375 0.096875
6 0.3359375 0.16484375 0.04921875 0.08125
0 0.371875 0.48671875 0.03671875 0.06328125
1 0.48984375 0.23984375 0.02890625 0.09921875
2 0.51796875 0.53515625 0.0296875 0.08125
1 0.490625 0.66640625 0.0296875 0.11796875
6 0.21640625 0.396875 0.02890625 0.0640625
1 0.79765625 0.43671875 0.02890625 0.10625
6 0.271875 0.63515625 0.02734375 0.08671875
6 0.37734375 0.2171875 0.0328125 0.08203125
1 0.52421875 0.13359375 0.02265625 0.10078125
1 0.41640625 0.76328125 0.034375 0.125
3 0.2171875 0.465625 0.02265625 0.09375
2 0.53203125 0.453125 0.025 0.10234375