1 0.415625 0.79140625 0.02578125 0.1171875
1 0.1734375 0.6859375 0.03125 0.13125
1 0.5359375 0.7203125 0.034375 0.12734375
2 0.4828125 0.5453125 0.025 0.121875
2 0.6046875 0.38671875 0.028125 0.1140625
1 0.55078125 0.2484375 0.028125 0.09921875
6 0.60234375 0.2421875 0.03203125 0.08984375
6 0.77734375 0.66484375 0.04296875 0.11015625
0 0.734375 0.4390625 0.034375 0.08125
1 0.1 0.40234375 0.021875 0.1078125
6 0.7953125 0.3 0.02578125 0.10078125
3 0.865625 0.35625 0.02109375 0.12109375
6 0.69296875 0.63046875 0.03828125 0.0921875