1 0.26796875 0.2796875 0.02109375 0.046875
2 0.41875 0.35703125 0.015625 0.0640625
6 0.45625 0.66328125 0.01875 0.0828125
2 0.3140625 0.44296875 0.01796875 0.0671875
1 0.46953125 0.75546875 0.02109375 0.075
1 0.13984375 0.64765625 0.02265625 0.0609375
6 0.36171875 0.27578125 0.01328125 0.06171875
6 0.74296875 0.75703125 0.01875 0.08515625
1 0.496875 0.17734375 0.01328125 0.05625
3 0.7453125 0.359375 0.0171875 0.071875
1 0.45078125 0.5265625 0.01875 0.05703125
6 0.45625 0.390625 0.0171875 0.0703125
2 0.4890625 0.40390625 0.0109375 0.071875
6 0.5375 0.165625 0.01171875 0.05