2 0.3609375 0.115625 0.0171875 0.065625
6 0.3328125 0.753125 0.02734375 0.07734375
1 0.5125 0.75625 0.0203125 0.07734375
3 0.3015625 0.3453125 0.0171875 0.08125
2 0.47265625 0.425 0.015625 0.05234375
1 0.5421875 0.1296875 0.01875 0.04609375
2 0.3375 0.43125 0.01796875 0.0640625
6 0.2828125 0.2015625 0.01328125 0.06328125
6 0.38515625 0.125 0.0203125 0.05703125
6 0.484375 0.1078125 0.01328125 0.0578125
1 0.415625 0.603125 0.01875 0.0640625
1 0.69375 0.48125 0.0171875 0.05078125
1 0.77734375 0.98515625 0.02734375 0.02421875