6 0.5796875 0.1546875 0.0203125 0.06015625
1 0.4953125 0.15703125 0.0140625 0.0671875
6 0.5765625 0.2234375 0.03515625 0.071875
2 0.53828125 0.27109375 0.01015625 0.075
1 0.40234375 0.3 0.01328125 0.05625
6 0.62890625 0.30078125 0.02734375 0.05234375
2 0.48125 0.315625 0.01796875 0.0390625
6 0.7703125 0.3515625 0.0203125 0.08125
3 0.70390625 0.353125 0.021875 0.08515625
0 0.60625 0.378125 0.0203125 0.04609375
2 0.48984375 0.37890625 0.01328125 0.0671875
2 0.61015625 0.4578125 0.0203125 0.07890625
1 0.41328125 0.50859375 0.01875 0.0609375
6 0.715625 0.68828125 0.01484375 0.06796875
1 0.65625 0.709375 0.01875 0.090625