6 0.51015625 0.146875 0.02109375 0.06015625
1 0.45546875 0.15234375 0.0203125 0.06328125
2 0.50625 0.24296875 0.028125 0.0671875
6 0.5734375 0.246875 0.01875 0.04296875
1 0.30546875 0.278125 0.01875 0.06796875
6 0.72421875 0.29921875 0.02265625 0.06328125
3 0.66015625 0.30703125 0.02578125 0.075
2 0.45078125 0.3125 0.0171875 0.08125
0 0.57734375 0.33046875 0.03671875 0.0421875
2 0.47421875 0.3609375 0.01171875 0.0640625
1 0.54921875 0.53359375 0.0203125 0.0828125
1 0.32734375 0.553125 0.01796875 0.078125
6 0.7140625 0.56875 0.03515625 0.07109375
6 0.76015625 0.75390625 0.0421875 0.084375
1 0.6734375 0.7703125 0.02109375 0.08671875