1 0.4078125 0.2953125 0.02265625 0.06328125
1 0.52265625 0.29609375 0.02109375 0.075
6 0.22734375 0.3234375 0.02421875 0.0609375
1 0.615625 0.35625 0.0203125 0.07109375
6 0.2796875 0.36484375 0.02578125 0.065625
2 0.41953125 0.371875 0.02578125 0.07890625
6 0.33203125 0.39609375 0.028125 0.078125
2 0.54765625 0.47890625 0.034375 0.1
0 0.440625 0.5265625 0.0359375 0.059375
2 0.61328125 0.54765625 0.02421875 0.084375
3 0.321875 0.56328125 0.025 0.10390625
1 0.8390625 0.57421875 0.028125 0.090625
6 0.35703125 0.60390625 0.02265625 0.109375
1 0.678125 0.70234375 0.02265625 0.08671875
6 0.6171875 0.72109375 0.034375 0.1140625