6 0.3296875 0.74453125 0.0296875 0.0859375
1 0.53046875 0.40859375 0.015625 0.05390625
6 0.37109375 0.68203125 0.02578125 0.07421875
1 0.67890625 0.5625 0.021875 0.071875
2 0.40625 0.62265625 0.0203125 0.07890625
1 0.78828125 0.39765625 0.0171875 0.0640625
3 0.159375 0.48125 0.021875 0.0640625
6 0.253125 0.409375 0.01484375 0.06796875
1 0.34375 0.671875 0.02109375 0.08828125
6 0.38125 0.5953125 0.02421875 0.0796875
6 0.56875 0.3 0.0140625 0.0671875
1 0.56328125 0.32578125 0.01171875 0.053125
2 0.44765625 0.50078125 0.01484375 0.06484375
1 0.45078125 0.75625 0.01484375 0.075