2 0.4375 0.55 0.021875 0.084375
1 0.4015625 0.61796875 0.02265625 0.09609375
6 0.1359375 0.696875 0.03828125 0.10234375
2 0.47578125 0.47265625 0.02265625 0.084375
0 0.34453125 0.48828125 0.0328125 0.0609375
6 0.2203125 0.62421875 0.02890625 0.096875
1 0.246875 0.7328125 0.02734375 0.084375
1 0.721875 0.5546875 0.025 0.08671875
6 0.5203125 0.2359375 0.021875 0.06015625
1 0.6328125 0.27109375 0.01796875 0.06171875
1 0.828125 0.3640625 0.02109375 0.075
2 0.5765625 0.37265625 0.02109375 0.06875
6 0.24453125 0.503125 0.01875 0.07109375
3 0.24375 0.41640625 0.0171875 0.0703125