1 0.40859375 0.60078125 0.02265625 0.0953125
2 0.453125 0.52421875 0.025 0.0828125
6 0.140625 0.67734375 0.03828125 0.11015625
1 0.246875 0.71484375 0.0296875 0.0890625
6 0.2234375 0.6046875 0.02890625 0.10234375
2 0.48671875 0.44140625 0.02421875 0.084375
0 0.35625 0.4703125 0.03125 0.0578125
2 0.5890625 0.34765625 0.02265625 0.075
3 0.2421875 0.43984375 0.0203125 0.090625
1 0.60546875 0.228125 0.015625 0.06171875
1 0.828125 0.3546875 0.0203125 0.07890625
6 0.5296875 0.21328125 0.02109375 0.065625
6 0.38671875 0.35078125 0.01796875 0.0578125
1 0.728125 0.5359375 0.02421875 0.08984375