6 0.26171875 0.678125 0.02734375 0.09296875
2 0.409375 0.57578125 0.02265625 0.075
1 0.37578125 0.765625 0.02421875 0.096875
1 0.7015625 0.5625 0.025 0.08125
1 0.36484375 0.6375 0.021875 0.0890625
6 0.3125 0.6109375 0.025 0.07265625
2 0.55078125 0.39765625 0.02109375 0.0671875
1 0.81875 0.378125 0.015625 0.07109375
3 0.1828125 0.46484375 0.01875 0.08203125
1 0.596875 0.3125 0.01796875 0.06171875
6 0.55078125 0.28515625 0.01875 0.05703125
6 0.2265625 0.73125 0.03515625 0.0828125
2 0.45390625 0.49296875 0.02578125 0.08203125
6 0.240625 0.43046875 0.01796875 0.0859375