6 0.4265625 0.7046875 0.021875 0.0828125
1 0.7421875 0.4 0.0140625 0.0546875
2 0.34921875 0.684375 0.01796875 0.07265625
6 0.48125 0.6578125 0.01796875 0.06328125
1 0.6578125 0.553125 0.01484375 0.059375
1 0.53203125 0.34765625 0.01171875 0.04765625
1 0.525 0.73046875 0.0203125 0.07265625
6 0.5671875 0.31875 0.0140625 0.04296875
6 0.44375 0.54765625 0.01796875 0.0640625
6 0.28125 0.39609375 0.01171875 0.05234375
1 0.4203125 0.6234375 0.02109375 0.075
6 0.9421875 0.9875 0.0203125 0.0203125
1 0.5109375 0.40703125 0.015625 0.04765625
2 0.44921875 0.5078125 0.01796875 0.05390625
3 0.15703125 0.47734375 0.01875 0.053125