1 0.40859375 0.60234375 0.02421875 0.09609375
2 0.4515625 0.525 0.02421875 0.0859375
6 0.140625 0.678125 0.03828125 0.1109375
1 0.246875 0.71484375 0.0296875 0.08828125
6 0.22421875 0.6046875 0.028125 0.103125
0 0.35625 0.47265625 0.0296875 0.0546875
2 0.48671875 0.44375 0.02265625 0.08515625
3 0.2421875 0.440625 0.02109375 0.090625
2 0.5875 0.353125 0.021875 0.071875
1 0.82890625 0.35390625 0.02109375 0.08125
1 0.61328125 0.23125 0.015625 0.0578125
6 0.52890625 0.21484375 0.02109375 0.065625
1 0.73203125 0.540625 0.02421875 0.09375