6 0.41796875 0.321875 0.0140625 0.0640625
6 0.53125 0.21328125 0.01171875 0.06328125
6 0.22578125 0.6078125 0.01796875 0.09609375
6 0.14765625 0.6796875 0.01328125 0.103125
3 0.24375 0.43671875 0.0203125 0.09296875
6 0.2484375 0.3765625 0.0203125 0.025
0 0.34921875 0.46953125 0.025 0.07109375
2 0.40546875 0.5921875 0.02578125 0.08671875
2 0.45078125 0.5203125 0.02421875 0.08203125
2 0.490625 0.4375 0.0203125 0.0796875
1 0.59453125 0.34296875 0.028125 0.075
1 0.584375 0.22421875 0.01171875 0.06171875
1 0.821875 0.3546875 0.01875 0.08203125
1 0.72578125 0.53125 0.01875 0.0796875
1 0.24453125 0.7046875 0.028125 0.07265625