2 0.42578125 0.55234375 0.02421875 0.0859375
2 0.4625 0.47421875 0.02421875 0.08203125
1 0.390625 0.61953125 0.02421875 0.090625
1 0.2921875 0.753125 0.021875 0.103125
1 0.71171875 0.55390625 0.02421875 0.08203125
6 0.228125 0.63359375 0.02734375 0.09296875
2 0.5609375 0.3828125 0.0203125 0.06484375
0 0.328125 0.47421875 0.02578125 0.05625
6 0.14921875 0.7109375 0.03515625 0.0859375
1 0.62265625 0.28203125 0.01796875 0.06015625
1 0.82734375 0.36484375 0.01875 0.07265625
3 0.22421875 0.4671875 0.01875 0.078125
6 0.2375 0.41796875 0.015625 0.06328125
6 0.5171875 0.25078125 0.0203125 0.04921875
6 0.19453125 0.603125 0.02734375 0.07890625