6 0.29921875 0.23515625 0.02265625 0.059375
2 0.44296875 0.2546875 0.021875 0.09375
6 0.18359375 0.271875 0.0203125 0.02734375
1 0.6953125 0.31171875 0.01796875 0.08984375
3 0.178125 0.34140625 0.025 0.10390625
0 0.29765625 0.36640625 0.0390625 0.0421875
2 0.4296875 0.3703125 0.025 0.09375
1 0.8390625 0.51484375 0.02734375 0.10390625
6 0.184375 0.6 0.02578125 0.09609375
1 0.23515625 0.61171875 0.03125 0.0890625
6 0.09140625 0.778125 0.03515625 0.09765625
1 0.4578125 0.79140625 0.021875 0.1171875
6 0.3703125 0.18125 0.02421875 0.0671875
1 0.559375 0.2078125 0.02734375 0.10234375