1 0.65859375 0.30078125 0.01796875 0.09765625
6 0.32421875 0.32109375 0.01796875 0.07890625
2 0.4890625 0.346875 0.021875 0.10234375
6 0.24921875 0.4 0.021875 0.075
2 0.47265625 0.44375 0.02421875 0.084375
3 0.23671875 0.453125 0.02421875 0.1
0 0.37109375 0.47265625 0.02421875 0.059375
1 0.70546875 0.55390625 0.0296875 0.1171875
6 0.33515625 0.58125 0.02578125 0.11328125
2 0.453125 0.590625 0.0203125 0.1109375
6 0.259375 0.86640625 0.03671875 0.09609375
1 0.346875 0.878125 0.03671875 0.12265625
6 0.415625 0.10859375 0.034375 0.07890625
1 0.49453125 0.11015625 0.021875 0.075