2 0.55703125 0.29140625 0.02421875 0.06328125
6 0.46484375 0.32265625 0.02421875 0.034375
2 0.534375 0.3578125 0.01484375 0.06875
6 0.3828125 0.36484375 0.01328125 0.06328125
3 0.365625 0.38828125 0.01484375 0.06484375
0 0.46484375 0.40390625 0.01328125 0.075
2 0.5484375 0.4078125 0.01484375 0.07734375
1 0.70546875 0.553125 0.0203125 0.07734375
1 0.47578125 0.60390625 0.01484375 0.05390625
6 0.41015625 0.60625 0.01484375 0.059375
1 0.428125 0.87109375 0.0203125 0.084375
6 0.3109375 0.9078125 0.025 0.0890625
6 0.48671875 0.13125 0.02109375 0.06328125
1 0.56328125 0.15859375 0.028125 0.075