1 0.23515625 0.23984375 0.02578125 0.13828125
1 0.5609375 0.25234375 0.0296875 0.12890625
6 0.521875 0.32578125 0.0390625 0.07265625
6 0.67421875 0.3328125 0.046875 0.08984375
6 0.63515625 0.35625 0.0578125 0.09609375
2 0.37109375 0.41640625 0.02578125 0.14609375
0 0.5234375 0.48125 0.03828125 0.05
3 0.56875 0.49765625 0.03828125 0.12109375
2 0.3046875 0.515625 0.040625 0.13125
6 0.8296875 0.54375 0.040625 0.13671875
1 0.17578125 0.59140625 0.03671875 0.12890625
6 0.42265625 0.628125 0.0421875 0.11484375
1 0.36875 0.73984375 0.03828125 0.12890625
6 0.4703125 0.740625 0.065625 0.13515625