1 0.30390625 0.30390625 0.025 0.1
1 0.67578125 0.3046875 0.02734375 0.10234375
6 0.7671875 0.309375 0.034375 0.09765625
2 0.559375 0.4546875 0.021875 0.09765625
6 0.828125 0.5421875 0.03203125 0.0609375
0 0.67578125 0.54609375 0.028125 0.0671875
6 0.93515625 0.54765625 0.0359375 0.11328125
3 0.809375 0.59609375 0.02578125 0.109375
1 0.21171875 0.60859375 0.0203125 0.11328125
2 0.51796875 0.62734375 0.02734375 0.09609375
6 0.63125 0.73984375 0.04765625 0.109375
1 0.4046875 0.79375 0.02890625 0.125
1 0.55390625 0.1453125 0.0296875 0.0890625
6 0.825 0.16796875 0.04375 0.09609375