6 0.6390625 0.25625 0.034375 0.07890625
2 0.4546875 0.28125 0.01796875 0.09609375
6 0.58515625 0.321875 0.02421875 0.08984375
1 0.315625 0.34140625 0.021875 0.10390625
6 0.634375 0.3875 0.03203125 0.08828125
2 0.46875 0.4796875 0.021875 0.08515625
2 0.421875 0.5421875 0.0328125 0.06875
0 0.53828125 0.5453125 0.0390625 0.06875
3 0.6734375 0.5453125 0.02109375 0.1109375
6 0.66484375 0.62734375 0.028125 0.1
1 0.39140625 0.640625 0.02421875 0.10703125
6 0.5421875 0.6875 0.03828125 0.07734375
1 0.28671875 0.7328125 0.02578125 0.12265625
1 0.3734375 0.17734375 0.03125 0.08828125