1 0.503125 0.303125 0.0171875 0.05703125
2 0.44296875 0.38671875 0.021875 0.04765625
2 0.47578125 0.43671875 0.021875 0.06875
3 0.303125 0.446875 0.02109375 0.07265625
0 0.4 0.4625 0.021875 0.059375
6 0.2921875 0.5046875 0.021875 0.06484375
6 0.38125 0.57265625 0.02734375 0.075
1 0.73671875 0.61171875 0.01484375 0.08125
1 0.54453125 0.68828125 0.03125 0.08125
6 0.35 0.7078125 0.0296875 0.08125
6 0.34921875 0.8796875 0.0328125 0.0859375
1 0.553125 0.88984375 0.034375 0.07890625
6 0.4046875 0.10078125 0.021875 0.07265625
1 0.45625 0.11875 0.021875 0.059375