1 0.434375 0.27421875 0.028125 0.09375
6 0.290625 0.29375 0.02734375 0.09609375
1 0.615625 0.33515625 0.028125 0.08828125
6 0.42109375 0.35625 0.034375 0.1171875
2 0.384375 0.4203125 0.0390625 0.09375
0 0.3578125 0.4703125 0.03125 0.04765625
3 0.21484375 0.471875 0.01796875 0.0890625
6 0.23671875 0.56484375 0.02734375 0.11328125
1 0.83671875 0.571875 0.0296875 0.12265625
2 0.484375 0.62109375 0.02421875 0.11328125
6 0.396875 0.73984375 0.04609375 0.11328125
6 0.44296875 0.77890625 0.0296875 0.11328125
1 0.6171875 0.815625 0.0171875 0.11875
1 0.3359375 0.17109375 0.01796875 0.11171875
6 0.23046875 0.18984375 0.03125 0.09609375