6 0.27265625 0.26875 0.028125 0.09609375
1 0.32265625 0.275 0.02421875 0.084375
1 0.828125 0.33359375 0.0296875 0.10390625
6 0.34765625 0.36875 0.03515625 0.084375
2 0.428125 0.43828125 0.03125 0.07265625
6 0.190625 0.45625 0.01328125 0.09609375
3 0.209375 0.50078125 0.01875 0.10703125
0 0.33828125 0.5046875 0.02421875 0.0609375
6 0.41015625 0.621875 0.0296875 0.10703125
1 0.69765625 0.65859375 0.0296875 0.11328125
6 0.37109375 0.7625 0.02734375 0.090625
1 0.42734375 0.76484375 0.03515625 0.090625
1 0.490625 0.78125 0.03125 0.12109375
6 0.34609375 0.8203125 0.02421875 0.13125
1 0.32265625 0.13359375 0.021875 0.084375
6 0.2296875 0.13671875 0.03125 0.0859375